6150,1
6209,1
6303,1
6512,1
6525,1
6540,1
6819,1
6842,1
6876,1
6896,1
6935,1
6940,1
6949,2
6954,1
7021,1
7132,1
7145,1
7156,1
7157,1
7160,1
7164,1
7290,1
7291,1
7295,1
7343,1
7369,1
7397,1
7418,1
7428,1
7455,1
7469,1
7475,1
7479,1
7551,1
7558,1
7576,1
7578,1
7581,1
7595,1
7603,1
7606,1
7644,1
7645,1
7668,1
7675,1
7691,1
7693,1
7697,1
7704,1
7712,1
7716,1
7759,1
7771,1
7772,2
7779,1
7783,1
7801,1
7804,1
7817,1
7828,1
7845,1
7855,1
7890,1
7903,1
7904,1
7911,1
7913,2
7918,1
7930,1
7935,1
7945,1
7946,2
7947,1
7950,1
7953,1
7955,1
7959,1
7972,1
7973,1
7976,1
7991,1
7995,1
8002,2
8009,1
8011,1
8022,1
8027,1
8029,1
8031,1
8038,1
8050,1
8063,1
8090,1
8107,1
8120,1
8126,1
8132,1
8137,1
8144,1
8150,1
8154,1
8170,1
8171,1
8179,1
8197,1
8203,1
8210,1
8223,1
8224,1
8229,1
8230,2
8238,2
8245,1
8247,1
8255,1
8265,1
8269,1
8275,1
8279,1
8282,1
8286,1
8307,1
8332,1
8335,1
8336,1
8337,1
8338,1
8341,1
8353,2
8355,1
8365,1
8368,1
8370,1
8376,2
8381,1
8383,2
8384,1
8396,1
8403,1
8404,1
8409,1
8410,1
8411,1
8412,1
8423,1
8426,1
8428,1
8435,2
8440,1
8441,1
8443,2
8454,2
8458,1
8461,1
8462,1
8480,1
8489,1
8491,2
8499,1
8503,2
8504,1
8505,1
8506,1
8515,1
8519,1
8522,1
8526,1
8528,1
8533,1
8536,2
8545,1
8546,1
8547,1
8554,1
8558,1
8559,1
8565,1
8566,1
8572,1
8579,1
8582,1
8588,1
8589,1
8590,1
8608,1
8610,1
8611,1
8618,1
8636,2
8640,1
8641,1
8647,1
8650,2
8652,1
8655,1
8660,1
8662,1
8665,1
8666,1
8672,1
8674,1
8676,1
8677,1
8685,1
8686,1
8687,2
8690,1
8693,1
8699,1
8703,1
8708,1
8711,1
8713,2
8718,1
8721,2
8723,1
8724,2
8735,1
8740,1
8743,1
8751,2
8757,1
8766,1
8768,1
8769,1
8775,2
8777,1
8784,1
8787,2
8789,1
8790,1
8792,1
8793,1
8798,1
8799,1
8802,1
8805,2
8809,1
8813,1
8836,1
8838,3
8848,1
8850,1
8852,1
8854,1
8860,1
8866,1
8874,1
8876,1
8878,1
8880,1
8884,1
8885,1
8887,1
8893,1
8894,1
8895,1
8901,1
8907,1
8909,1
8912,1
8913,1
8918,1
8924,1
8925,1
8935,1
8937,1
8946,1
8947,3
8952,1
8957,1
8961,2
8967,1
8969,1
8972,1
8974,4
8977,1
8980,1
8981,1
8987,1
8989,1
8992,1
8998,2
8999,1
9000,1
9010,1
9011,1
9015,1
9016,1
9021,1
9023,1
9026,1
9030,1
9034,1
9040,1
9041,1
9043,3
9045,1
9049,1
9051,1
9061,1
9063,1
9064,2
9068,2
9069,1
9077,1
9078,1
9085,2
9087,1
9088,1
9096,1
9098,1
9104,2
9107,2
9109,2
9112,1
9120,1
9130,1
9133,1
9136,2
9137,2
9139,1
9144,1
9146,1
9152,1
9153,1
9154,1
9157,1
9160,1
9161,2
9162,1
9163,1
9167,1
9170,2
9173,2
9175,1
9179,1
9182,1
9186,1
9190,2
9191,1
9201,1
9204,1
9207,1
9223,1
9226,1
9232,1
9235,1
9236,2
9244,1
9246,1
9251,1
9252,1
9260,2
9262,1
9266,1
9268,1
9271,1
9272,1
9273,1
9277,1
9278,1
9280,1
9283,1
9285,1
9291,1
9292,2
9293,1
9294,1
9311,1
9312,1
9315,1
9317,1
9318,3
9320,1
9324,1
9327,2
9328,1
9330,3
9332,1
9334,1
9338,1
9340,1
9341,1
9342,1
9343,1
9345,1
9347,1
9349,1
9351,1
9359,1
9361,1
9362,1
9363,1
9367,2
9368,1
9372,1
9375,2
9383,1
9385,1
9387,1
9392,1
9394,1
9396,2
9398,2
9405,1
9406,1
9410,1
9411,1
9412,1
9414,1
9415,1
9417,1
9418,1
9419,1
9421,1
9423,2
9426,1
9428,1
9429,1
9431,1
9432,2
9435,1
9437,1
9440,1
9442,2
9443,2
9452,1
9454,1
9456,1
9459,1
9461,2
9462,1
9466,1
9468,1
9473,1
9476,1
9478,1
9479,1
9483,2
9485,1
9490,2
9492,1
9495,1
9502,1
9505,1
9509,1
9510,1
9513,1
9515,2
9516,1
9520,3
9522,1
9523,2
9529,1
9531,1
9532,1
9536,1
9537,1
9540,1
9543,1
9544,1
9546,1
9553,2
9554,1
9556,1
9557,1
9558,2
9560,3
9562,1
9565,1
9566,1
9571,1
9578,1
9580,1
9583,1
9585,1
9590,1
9593,1
9594,1
9595,2
9596,2
9599,2
9600,1
9601,1
9602,2
9606,1
9607,2
9610,1
9612,1
9613,1
9615,1
9618,2
9619,2
9623,2
9627,1
9630,1
9632,1
9639,2
9641,1
9643,1
9644,1
9645,2
9646,1
9648,1
9649,1
9656,1
9657,1
9658,1
9659,2
9663,1
9667,1
9670,1
9671,1
9674,4
9675,1
9679,1
9680,1
9686,1
9687,1
9688,1
9690,1
9691,2
9693,1
9698,1
9699,1
9701,1
9704,1
9707,2
9711,1
9712,1
9713,2
9716,1
9724,1
9726,1
9727,1
9728,1
9730,1
9731,1
9737,1
9738,2
9742,2
9744,2
9745,2
9747,1
9748,1
9749,1
9750,1
9752,3
9753,1
9754,2
9755,1
9756,1
9761,1
9762,1
9763,1
9766,1
9769,1
9771,2
9773,1
9775,1
9776,1
9778,1
9779,1
9780,1
9781,1
9783,2
9784,1
9786,1
9787,2
9793,1
9794,1
9796,2
9802,1
9806,1
9807,1
9817,2
9818,1
9819,1
9823,1
9825,2
9828,1
9832,1
9833,1
9835,2
9836,1
9842,1
9848,2
9853,1
9858,2
9859,1
9863,1
9865,1
9867,1
9868,1
9870,1
9871,1
9872,1
9875,1
9877,1
9878,1
9879,1
9881,1
9883,1
9885,1
9886,2
9887,4
9889,1
9891,1
9895,2
9899,1
9903,1
9905,1
9908,1
9911,1
9912,1
9915,1
9917,1
9921,2
9923,1
9924,1
9925,1
9926,1
9928,1
9935,1
9936,1
9937,1
9938,1
9940,1
9941,1
9942,1
9943,1
9946,2
9947,2
9949,1
9950,3
9951,1
9952,1
9955,2
9957,3
9958,1
9962,1
9968,4
9969,1
9970,1
9972,1
9976,2
9979,1
9988,1
9989,1
9992,1
9993,1
9994,1
9996,3
9997,1
10007,1
10009,1
10012,1
10013,3
10015,1
10023,1
10024,1
10025,1
10027,1
10029,1
10039,3
10040,1
10041,1
10042,1
10045,1
10046,1
10047,1
10048,1
10052,1
10054,1
10055,2
10059,1
10060,1
10061,1
10062,1
10064,2
10066,1
10067,1
10073,1
10074,1
10077,2
10078,2
10081,2
10083,1
10084,1
10085,1
10090,1
10091,1
10092,1
10093,1
10094,1
10096,1
10097,1
10098,1
10101,1
10102,1
10104,2
10107,1
10113,1
10114,1
10118,1
10120,2
10121,1
10122,1
10123,1
10124,2
10131,1
10134,1
10136,1
10137,1
10138,4
10139,1
10144,1
10145,1
10148,1
10149,1
10150,1
10155,1
10156,1
10159,1
10161,1
10165,1
10167,1
10171,1
10172,1
10173,1
10175,2
10176,1
10180,1
10183,2
10184,1
10186,1
10191,1
10199,1
10201,2
10204,1
10206,2
10211,1
10214,1
10216,1
10220,1
10221,1
10226,3
10229,2
10231,1
10233,1
10234,1
10235,1
10242,1
10244,1
10246,1
10252,2
10253,1
10254,1
10260,1
10261,1
10262,3
10269,1
10270,1
10274,1
10275,3
10278,2
10279,1
10283,1
10285,3
10286,1
10289,1
10291,1
10293,1
10295,3
10297,1
10300,1
10302,1
10304,1
10305,1
10308,2
10311,1
10312,1
10313,1
10317,1
10319,1
10320,1
10321,2
10323,2
10325,1
10326,1
10330,1
10331,2
10333,1
10335,2
10336,2
10339,5
10340,1
10341,2
10343,1
10344,1
10348,2
10350,1
10351,1
10352,2
10358,1
10359,1
10364,2
10369,2
10375,1
10376,1
10380,1
10383,1
10391,1
10393,3
10394,1
10397,1
10398,1
10399,1
10400,2
10404,1
10406,1
10408,1
10410,1
10413,1
10415,2
10417,1
10420,3
10423,1
10424,1
10430,1
10431,1
10432,1
10434,1
10436,3
10437,2
10438,1
10445,1
10446,2
10453,1
10458,1
10459,2
10461,4
10466,3
10467,1
10471,1
10474,1
10475,1
10476,1
10480,1
10483,1
10484,1
10485,1
10488,1
10490,1
10496,1
10497,1
10501,1
10503,1
10504,1
10508,1
10511,2
10513,1
10514,1
10515,1
10516,2
10518,3
10519,1
10521,1
10523,1
10525,2
10527,1
10529,2
10530,1
10531,1
10532,1
10533,2
10534,1
10535,3
10536,2
10538,1
10539,1
10542,1
10543,1
10545,1
10546,1
10547,1
10548,1
10550,2
10551,2
10552,2
10553,1
10555,1
10556,3
10558,1
10560,2
10561,1
10564,1
10565,1
10568,1
10569,2
10573,2
10574,1
10575,3
10577,1
10578,2
10579,1
10581,1
10584,1
10585,2
10588,1
10591,1
10596,2
10599,2
10603,1
10604,1
10606,1
10607,1
10615,1
10616,1
10617,1
10618,1
10619,2
10620,1
10621,1
10623,1
10625,1
10626,1
10628,1
10629,1
10630,1
10631,1
10632,1
10634,1
10635,1
10637,1
10638,1
10639,2
10642,1
10644,1
10645,2
10647,2
10648,2
10649,4
10655,1
10656,1
10660,1
10663,2
10664,1
10666,1
10667,1
10668,1
10669,1
10671,1
10673,3
10674,1
10676,1
10678,2
10679,2
10682,1
10687,1
10689,1
10690,2
10691,1
10692,1
10693,1
10697,2
10698,1
10701,2
10702,2
10703,2
10705,1
10706,1
10707,2
10711,1
10712,2
10713,1
10715,1
10716,1
10717,1
10720,1
10721,1
10723,1
10726,1
10728,1
10729,1
10732,1
10734,1
10737,1
10740,2
10741,1
10742,1
10744,2
10747,1
10749,1
10754,2
10755,4
10758,1
10760,1
10761,1
10762,1
10763,1
10765,2
10768,1
10770,1
10771,1
10772,1
10773,1
10777,1
10779,1
10782,1
10783,1
10784,1
10786,1
10789,1
10790,2
10791,1
10792,1
10797,1
10798,1
10799,1
10802,1
10805,1
10807,1
10809,2
10812,1
10814,1
10815,1
10816,1
10817,1
10821,1
10823,1
10826,1
10836,1
10839,1
10841,1
10842,2
10845,2
10846,1
10847,1
10848,2
10854,1
10857,1
10858,1
10860,1
10862,1
10864,1
10865,1
10866,2
10868,1
10871,1
10873,1
10874,1
10878,3
10879,1
10880,1
10882,2
10885,1
10888,2
10889,2
10894,1
10896,2
10900,1
10902,1
10906,1
10907,2
10908,3
10910,1
10911,2
10914,2
10921,2
10922,1
10926,1
10927,1
10928,1
10933,3
10936,1
10940,2
10943,1
10944,1
10945,1
10946,1
10949,1
10951,2
10953,1
10954,2
10955,2
10956,1
10959,1
10961,2
10963,1
10964,1
10966,1
10967,3
10968,1
10971,1
10975,2
10978,1
10979,1
10980,1
10981,1
10983,1
10986,1
10990,2
10993,1
10996,2
10999,1
11000,2
11002,1
11005,1
11006,2
11008,1
11010,1
11015,1
11016,1
11018,1
11019,1
11020,1
11023,2
11026,1
11028,1
11033,1
11035,1
11042,1
11044,2
11045,2
11047,1
11050,1
11051,1
11053,1
11055,1
11056,1
11060,1
11061,1
11066,2
11067,2
11068,1
11070,1
11071,1
11074,1
11080,1
11083,1
11088,1
11089,1
11090,1
11091,1
11094,1
11095,1
11096,1
11097,1
11098,2
11100,1
11101,1
11102,2
11103,2
11104,2
11108,1
11109,2
11111,1
11114,2
11116,1
11118,3
11119,2
11123,1
11124,1
11126,1
11130,1
11131,1
11134,1
11137,1
11139,1
11140,1
11142,1
11143,1
11144,1
11149,1
11151,1
11159,1
11160,1
11162,3
11163,1
11167,2
11169,1
11170,1
11171,2
11178,1
11179,1
11181,1
11183,2
11189,2
11192,1
11193,1
11194,1
11195,2
11196,1
11197,1
11200,1
11202,1
11203,2
11204,2
11205,1
11207,3
11212,1
11214,1
11217,1
11220,1
11221,4
11222,1
11224,1
11225,1
11227,1
11229,1
11232,2
11233,1
11235,1
11236,1
11238,2
11241,2
11244,1
11246,1
11247,1
11249,1
11250,1
11251,2
11252,1
11253,2
11254,1
11256,2
11257,1
11258,1
11261,1
11263,1
11264,1
11268,1
11269,1
11272,2
11273,2
11274,1
11275,1
11277,1
11278,1
11280,1
11281,1
11282,1
11283,1
11285,1
11286,1
11288,1
11289,2
11296,1
11297,2
11298,2
11300,1
11301,2
11306,1
11311,4
11315,1
11318,1
11322,1
11323,1
11324,2
11325,2
11327,2
11328,1
11331,1
11335,1
11336,1
11338,1
11339,1
11340,1
11342,1
11344,1
11345,1
11346,2
11348,2
11350,1
11352,2
11354,4
11357,1
11358,1
11360,1
11364,1
11366,1
11367,1
11368,2
11370,3
11375,1
11376,1
11377,2
11378,1
11380,1
11383,3
11387,2
11388,1
11391,1
11392,1
11393,2
11394,2
11395,1
11397,2
11398,3
11399,1
11400,1
11402,1
11403,1
11405,2
11411,3
11412,2
11413,1
11414,2
11415,1
11416,2
11419,2
11421,1
11422,1
11427,1
11428,1
11430,1
11431,2
11438,1
11440,1
11441,1
11443,1
11445,1
11447,2
11451,1
11452,1
11454,1
11456,1
11459,1
11461,2
11462,2
11464,1
11465,2
11467,4
11470,3
11471,1
11476,1
11478,3
11480,1
11481,2
11482,1
11483,3
11486,1
11493,2
11495,3
11496,1
11497,2
11498,1
11500,2
11501,3
11502,1
11504,1
11505,1
11507,3
11510,1
11514,1
11515,2
11517,2
11518,3
11522,1
11523,2
11525,1
11526,3
11527,2
11532,1
11534,1
11535,1
11536,2
11537,1
11538,1
11542,1
11543,1
11544,2
11550,2
11552,1
11558,2
11559,1
11563,2
11565,1
11566,1
11569,2
11576,1
11577,1
11578,1
11580,2
11581,2
11583,1
11584,2
11585,3
11586,1
11588,2
11590,3
11592,1
11595,1
11596,2
11599,1
11600,1
11601,2
11602,1
11603,4
11604,2
11605,1
11607,2
11608,1
11609,1
11611,1
11612,1
11613,1
11615,2
11616,2
11617,1
11621,1
11623,2
11624,2
11626,2
11627,1
11628,1
11632,1
11633,1
11634,1
11636,1
11638,1
11639,1
11640,1
11642,2
11643,2
11645,1
11648,3
11649,1
11650,3
11653,1
11654,4
11655,1
11659,2
11660,2
11665,2
11668,1
11669,1
11673,2
11674,1
11675,1
11676,1
11677,3
11679,2
11687,1
11688,1
11690,2
11691,1
11698,1
11700,1
11701,1
11702,1
11703,1
11705,1
11708,2
11711,2
11714,1
11717,2
11720,1
11721,1
11722,1
11725,2
11727,1
11730,3
11731,2
11732,2
11734,1
11735,1
11736,1
11741,3
11742,1
11743,1
11746,2
11748,1
11750,2
11755,1
11756,1
11758,1
11760,1
11762,1
11763,1
11764,1
11765,1
11767,2
11770,2
11772,2
11774,1
11775,1
11776,1
11777,1
11778,1
11779,1
11783,1
11785,1
11786,3
11787,1
11788,1
11791,1
11792,3
11793,1
11794,1
11796,1
11805,1
11806,1
11807,1
11808,1
11809,1
11811,1
11813,1
11814,1
11815,2
11816,1
11819,1
11820,3
11825,1
11828,1
11829,1
11830,1
11831,2
11832,1
11834,1
11839,1
11840,1
11842,1
11843,1
11845,2
11846,1
11847,1
11848,2
11850,1
11851,2
11852,1
11855,1
11858,1
11861,1
11862,1
11864,1
11865,1
11866,3
11868,1
11871,1
11872,1
11873,1
11879,2
11880,1
11883,2
11890,1
11891,2
11893,1
11896,1
11897,2
11901,1
11909,1
11915,1
11917,1
11918,1
11919,2
11921,4
11922,1
11923,1
11928,1
11930,2
11931,1
11933,1
11936,1
11937,1
11938,2
11941,2
11942,1
11944,1
11946,1
11947,1
11948,2
11949,2
11952,2
11955,1
11956,1
11958,1
11960,1
11964,2
11965,2
11971,3
11972,1
11973,2
11974,1
11975,2
11976,2
11977,2
11981,1
11983,2
11984,1
11987,2
11988,1
11991,3
11994,2
11997,1
11999,1
12000,2
12001,1
12002,1
12003,1
12004,1
12005,2
12010,2
12011,1
12012,1
12015,1
12016,1
12017,1
12018,1
12019,1
12020,2
12025,3
12027,3
12028,1
12030,1
12032,1
12035,3
12036,2
12037,2
12042,2
12043,1
12044,1
12045,2
12046,3
12048,1
12049,2
12050,1
12051,1
12052,2
12055,1
12058,1
12060,1
12063,1
12068,1
12072,4
12073,1
12075,2
12076,1
12079,2
12080,1
12081,1
12086,1
12087,2
12088,1
12089,1
12090,1
12091,1
12093,2
12094,1
12095,1
12097,2
12098,2
12101,3
12105,1
12107,2
12108,1
12109,1
12113,1
12114,1
12115,2
12116,2
12117,1
12118,3
12119,4
12121,1
12123,3
12124,1
12125,1
12126,1
12128,1
12132,1
12133,1
12134,1
12135,1
12136,1
12137,1
12139,1
12140,1
12143,1
12144,1
12149,1
12152,2
12154,1
12155,1
12156,1
12158,1
12159,2
12160,2
12162,1
12165,2
12166,1
12167,1
12169,1
12171,1
12172,2
12173,1
12174,1
12175,1
12176,1
12179,1
12183,1
12184,1
12185,3
12187,3
12191,2
12194,1
12196,1
12197,1
12201,1
12202,1
12204,1
12206,1
12212,2
12213,2
12215,1
12216,2
12219,2
12221,2
12222,1
12223,2
12225,2
12226,3
12230,1
12231,1
12232,1
12234,1
12235,1
12236,2
12237,2
12239,1
12242,1
12243,5
12245,1
12248,1
12250,3
12254,1
12255,1
12256,1
12260,2
12263,1
12264,1
12266,2
12267,2
12270,3
12276,2
12280,3
12281,1
12288,2
12289,1
12294,1
12296,2
12297,1
12298,1
12299,1
12301,2
12302,1
12304,1
12305,2
12306,1
12307,2
12311,1
12314,1
12315,2
12316,1
12321,1
12322,1
12324,1
12325,2
12327,3
12328,1
12329,2
12330,2
12337,1
12338,1
12340,1
12341,3
12342,1
12343,1
12345,1
12348,1
12349,1
12350,3
12353,2
12354,1
12355,2
12356,1
12358,2
12361,1
12362,1
12364,1
12365,1
12366,2
12367,1
12368,1
12369,2
12370,1
12371,1
12372,1
12373,1
12377,3
12378,1
12379,1
12380,2
12383,1
12384,2
12385,1
12386,1
12387,1
12388,3
12390,2
12391,1
12393,1
12394,3
12395,2
12396,3
12400,1
12402,1
12403,1
12405,1
12406,1
12408,1
12409,1
12411,3
12412,2
12414,3
12415,1
12416,1
12417,2
12424,1
12425,1
12427,1
12432,1
12434,1
12435,2
12437,1
12438,1
12439,3
12441,1
12443,1
12445,1
12446,1
12449,1
12450,1
12451,5
12452,1
12454,1
12456,2
12457,1
12458,2
12462,1
12465,2
12466,1
12467,1
12468,1
12470,1
12471,1
12473,2
12474,2
12475,3
12477,1
12478,1
12479,1
12482,1
12483,1
12485,1
12487,1
12488,1
12489,2
12492,1
12493,1
12494,1
12496,1
12497,1
12498,1
12499,1
12501,2
12502,1
12506,1
12507,1
12508,2
12511,2
12512,2
12513,1
12514,1
12516,1
12517,1
12519,1
12521,1
12522,1
12523,1
12525,1
12526,1
12528,1
12530,1
12533,1
12534,2
12535,1
12536,3
12539,1
12542,2
12544,2
12545,1
12546,1
12547,2
12549,2
12554,1
12555,1
12556,1
12560,1
12561,1
12562,1
12564,2
12565,2
12567,4
12568,1
12569,1
12570,2
12571,3
12572,1
12573,1
12575,1
12577,1
12580,1
12581,2
12585,1
12586,1
12587,2
12588,2
12591,1
12592,1
12593,1
12595,2
12596,1
12602,1
12604,1
12605,2
12607,4
12610,2
12611,1
12614,1
12617,1
12618,1
12620,1
12623,1
12624,1
12627,1
12628,2
12629,1
12630,2
12633,1
12634,1
12636,1
12637,2
12638,2
12642,1
12644,2
12645,2
12648,2
12649,3
12651,1
12655,1
12657,1
12658,2
12661,1
12664,1
12665,1
12666,1
12667,1
12668,2
12670,1
12672,2
12673,1
12675,1
12677,1
12679,1
12680,1
12682,1
12683,2
12686,1
12687,1
12688,2
12689,1
12690,1
12693,1
12695,1
12696,1
12697,1
12698,1
12701,1
12705,1
12706,1
12707,1
12708,2
12709,1
12716,2
12717,1
12718,1
12720,1
12721,2
12722,2
12723,1
12727,1
12728,3
12733,3
12735,1
12736,3
12737,1
12738,2
12741,1
12744,2
12747,2
12748,1
12751,1
12752,3
12753,1
12754,1
12755,1
12756,1
12758,1
12759,1
12760,1
12762,2
12764,1
12765,1
12766,3
12767,1
12769,1
12771,1
12772,1
12774,2
12775,1
12778,1
12779,1
12782,1
12783,3
12787,2
12788,1
12790,3
12792,2
12793,2
12794,1
12798,3
12804,2
12806,1
12809,3
12810,1
12812,2
12813,4
12814,1
12816,1
12821,1
12822,1
12823,1
12824,1
12827,1
12828,1
12829,2
12830,3
12833,1
12837,2
12840,1
12842,1
12846,1
12848,1
12849,1
12852,1
12853,1
12854,1
12855,1
12856,1
12858,2
12860,2
12861,1
12862,2
12863,2
12864,2
12867,1
12868,1
12872,1
12873,2
12875,1
12879,4
12881,2
12882,2
12884,1
12885,1
12887,1
12888,1
12890,1
12891,1
12892,1
12893,2
12894,1
12895,1
12897,1
12898,1
12899,1
12900,1
12901,1
12904,4
12907,4
12909,1
12913,3
12915,1
12918,1
12919,3
12924,3
12926,1
12929,1
12931,1
12932,2
12933,3
12936,1
12938,2
12939,1
12940,2
12942,1
12943,1
12947,1
12948,1
12949,2
12950,1
12951,1
12952,1
12954,1
12955,1
12956,1
12957,1
12958,1
12959,1
12960,1
12961,1
12964,1
12967,1
12973,3
12974,2
12977,2
12978,2
12979,1
12980,1
12981,2
12982,1
12984,1
12985,1
12987,4
12988,2
12993,2
12995,1
12999,2
13003,2
13005,1
13006,1
13010,2
13011,2
13012,2
13018,1
13021,1
13022,1
13023,4
13024,1
13025,1
13027,3
13028,2
13029,1
13031,2
13032,1
13033,1
13034,1
13035,1
13038,1
13039,1
13040,2
13042,1
13045,1
13047,1
13048,1
13050,1
13051,2
13052,2
13053,1
13055,1
13056,1
13057,1
13058,1
13061,1
13064,3
13065,1
13066,1
13067,1
13068,1
13070,1
13072,1
13075,1
13077,2
13083,1
13088,1
13089,1
13091,1
13092,1
13093,3
13095,1
13099,2
13100,2
13103,1
13104,2
13105,1
13107,1
13110,1
13111,1
13112,2
13113,3
13115,1
13117,2
13118,1
13120,2
13121,1
13122,1
13124,1
13126,1
13127,2
13129,1
13135,1
13137,1
13138,1
13139,1
13141,2
13143,1
13144,1
13145,1
13146,1
13147,2
13148,1
13154,1
13157,1
13160,1
13165,1
13168,1
13172,2
13174,2
13175,1
13176,2
13178,1
13179,1
13180,2
13181,2
13184,2
13186,1
13188,2
13189,1
13190,3
13193,1
13195,2
13197,1
13199,1
13202,1
13203,1
13204,1
13207,1
13208,3
13209,1
13211,1
13212,2
13213,1
13217,1
13220,2
13221,4
13223,1
13224,1
13227,1
13229,2
13231,1
13233,1
13236,1
13238,1
13240,3
13241,2
13244,1
13245,3
13247,1
13249,1
13252,1
13255,3
13256,2
13257,2
13258,1
13259,2
13260,1
13261,1
13264,1
13265,2
13267,4
13268,2
13269,1
13271,2
13272,2
13276,3
13281,1
13282,2
13283,1
13285,2
13289,1
13293,1
13294,1
13297,2
13300,1
13302,2
13303,1
13305,2
13308,2
13313,1
13315,1
13316,1
13319,3
13322,2
13327,2
13328,1
13329,1
13330,1
13331,2
13337,1
13338,1
13340,3
13341,2
13342,3
13343,3
13345,2
13346,3
13347,1
13351,1
13352,1
13353,1
13354,1
13357,2
13361,1
13362,2
13363,1
13364,1
13366,2
13367,1
13369,2
13373,3
13375,1
13376,1
13378,1
13380,2
13381,1
13382,2
13383,1
13386,1
13389,1
13390,1
13391,1
13392,2
13393,1
13397,2
13399,1
13402,2
13403,1
13404,2
13407,1
13408,1
13409,2
13414,1
13416,2
13418,1
13420,1
13421,2
13423,1
13424,1
13425,1
13426,2
13430,1
13433,3
13436,1
13437,1
13441,3
13442,1
13443,1
13444,1
13447,2
13454,1
13455,1
13456,2
13457,2
13458,1
13460,1
13461,3
13464,1
13466,4
13467,3
13468,1
13469,3
13470,1
13471,1
13473,1
13474,1
13475,1
13476,3
13477,2
13478,3
13479,4
13480,2
13482,3
13485,1
13486,3
13489,1
13490,1
13493,1
13494,2
13495,1
13496,1
13501,2
13502,1
13503,1
13504,2
13506,1
13507,1
13508,1
13512,1
13513,1
13514,2
13516,1
13517,1
13520,3
13522,2
13523,5
13526,1
13527,1
13530,2
13531,1
13532,2
13533,2
13534,1
13535,1
13536,1
13537,1
13538,2
13539,1
13540,1
13541,1
13542,2
13547,1
13548,1
13549,2
13551,2
13552,2
13553,1
13555,1
13556,2
13561,1
13562,2
13563,1
13564,2
13565,1
13566,1
13567,1
13569,1
13572,1
13574,1
13575,1
13576,2
13577,1
13583,1
13585,2
13587,2
13588,1
13589,3
13590,1
13591,1
13592,1
13593,1
13594,1
13595,1
13596,2
13598,3
13599,2
13600,1
13601,1
13603,1
13606,1
13610,3
13611,3
13612,2
13614,2
13615,1
13616,1
13620,1
13621,1
13622,1
13623,1
13624,2
13626,1
13628,1
13629,2
13632,1
13633,1
13635,2
13636,2
13638,1
13639,1
13642,1
13646,1
13647,1
13648,1
13649,1
13650,2
13651,1
13652,1
13653,2
13654,1
13655,1
13658,1
13659,1
13661,3
13664,1
13665,3
13666,2
13668,1
13669,2
13671,2
13672,1
13675,1
13676,1
13679,1
13681,1
13682,1
13685,2
13687,2
13689,1
13691,2
13693,1
13694,1
13696,2
13697,1
13698,3
13699,1
13702,1
13704,2
13708,1
13709,2
13710,2
13711,1
13716,3
13718,1
13719,1
13720,2
13721,1
13722,1
13723,2
13728,1
13729,1
13730,2
13732,2
13733,2
13734,1
13737,3
13739,1
13740,1
13742,3
13744,1
13745,1
13746,1
13747,2
13748,1
13750,1
13754,2
13755,3
13756,1
13757,1
13759,1
13760,1
13761,1
13762,1
13764,1
13765,1
13766,2
13767,1
13769,1
13770,1
13771,1
13772,2
13774,1
13776,1
13777,3
13778,1
13779,2
13781,1
13782,1
13783,2
13785,1
13786,1
13787,1
13788,1
13790,1
13792,2
13793,1
13794,1
13799,4
13801,1
13802,1
13804,1
13806,1
13808,1
13809,1
13812,1
13813,1
13814,1
13815,2
13819,1
13821,1
13824,1
13825,1
13826,1
13829,1
13831,1
13835,2
13839,4
13841,1
13842,1
13846,1
13847,1
13848,1
13851,1
13853,1
13855,1
13856,1
13857,1
13859,4
13863,3
13867,2
13868,1
13869,1
13870,1
13873,1
13875,1
13879,1
13880,1
13882,1
13884,1
13886,1
13887,2
13888,1
13889,1
13892,1
13893,2
13895,1
13896,1
13899,1
13900,1
13901,1
13902,3
13906,1
13908,2
13910,1
13911,1
13913,1
13914,2
13915,1
13919,1
13925,2
13926,1
13928,1
13929,2
13932,1
13933,1
13934,1
13935,1
13936,1
13942,1
13943,1
13945,1
13947,1
13948,1
13950,4
13951,1
13952,1
13953,2
13955,2
13956,1
13959,2
13960,1
13963,2
13964,3
13967,1
13974,1
13976,1
13977,2
13978,1
13979,1
13981,2
13982,2
13985,1
13986,1
13989,1
13990,1
13992,1
13995,1
13996,2
13997,1
13998,1
13999,1
14000,2
14001,1
14002,1
14003,1
14005,1
14006,2
14007,1
14010,4
14011,2
14014,1
14015,2
14016,2
14019,2
14022,2
14026,1
14027,2
14031,2
14032,1
14034,1
14035,1
14040,2
14041,1
14042,1
14044,1
14046,2
14048,3
14050,1
14051,2
14052,2
14055,2
14056,1
14059,1
14061,1
14062,2
14064,3
14065,1
14069,3
14070,1
14074,2
14075,1
14076,1
14078,1
14080,1
14081,2
14082,1
14083,3
14084,1
14085,1
14087,1
14089,2
14091,1
14092,1
14093,1
14095,1
14099,1
14101,1
14102,1
14103,1
14106,3
14108,1
14110,1
14112,1
14113,1
14115,1
14116,2
14117,1
14119,1
14120,1
14122,2
14123,2
14125,3
14126,3
14128,1
14129,2
14130,1
14131,3
14132,2
14134,2
14135,2
14137,2
14138,1
14139,1
14140,1
14143,2
14145,1
14146,1
14147,2
14148,1
14150,1
14151,1
14155,1
14156,1
14157,1
14160,2
14161,1
14163,1
14164,2
14165,2
14166,1
14167,1
14170,2
14171,1
14173,1
14174,1
14175,1
14181,1
14184,1
14186,3
14189,1
14190,1
14192,1
14193,2
14195,2
14196,2
14197,2
14199,1
14201,1
14202,1
14204,1
14205,4
14211,1
14212,4
14214,2
14215,1
14216,5
14219,3
14221,1
14222,1
14225,2
14227,2
14228,1
14230,1
14231,1
14232,1
14233,2
14235,2
14237,1
14238,1
14239,1
14240,1
14241,3
14242,1
14244,1
14245,1
14247,1
14248,3
14249,4
14251,2
14256,1
14257,1
14258,3
14259,1
14260,1
14261,2
14264,1
14266,1
14267,1
14270,2
14271,1
14275,2
14276,1
14277,1
14278,3
14280,1
14281,2
14282,2
14285,1
14288,1
14289,1
14293,2
14294,1
14295,1
14298,1
14299,1
14301,1
14303,1
14304,2
14305,4
14306,1
14307,2
14309,1
14311,2
14313,1
14315,2
14317,1
14319,2
14323,3
14325,2
14328,1
14329,1
14330,1
14332,1
14333,1
14334,1
14336,1
14338,3
14340,1
14341,1
14342,2
14343,1
14344,1
14345,1
14347,1
14351,1
14352,2
14354,2
14355,1
14356,1
14359,1
14361,1
14364,3
14365,2
14366,2
14369,1
14370,2
14371,1
14372,1
14373,1
14374,1
14379,2
14382,1
14385,2
14389,1
14390,1
14393,1
14394,4
14396,1
14397,3
14398,1
14399,1
14400,1
14403,1
14406,2
14407,1
14408,4
14409,1
14411,4
14413,1
14416,2
14417,2
14418,1
14420,1
14422,1
14423,1
14424,1
14425,2
14426,4
14428,2
14432,1
14433,1
14434,2
14435,1
14436,3
14437,2
14440,1
14441,2
14442,1
14443,1
14444,1
14446,1
14447,1
14451,2
14452,1
14454,1
14456,3
14457,1
14458,3
14459,1
14460,1
14463,1
14464,1
14466,2
14468,2
14469,1
14471,3
14472,4
14473,1
14474,2
14475,3
14476,2
14478,1
14479,3
14481,2
14483,1
14485,1
14488,1
14490,1
14491,1
14492,2
14495,4
14496,1
14498,2
14499,1
14502,2
14503,1
14504,1
14505,1
14506,1
14507,1
14510,2
14511,2
14512,1
14513,1
14517,3
14518,1
14519,3
14520,1
14522,1
14523,1
14524,1
14525,2
14526,2
14528,1
14529,1
14530,1
14531,1
14532,1
14533,1
14535,1
14539,1
14540,2
14542,1
14543,1
14545,1
14549,1
14551,1
14558,2
14561,1
14562,2
14566,2
14569,1
14570,2
14572,2
14573,1
14574,2
14575,2
14576,1
14577,1
14580,1
14582,2
14583,2
14585,1
14586,4
14589,1
14590,1
14591,1
14592,1
14593,1
14596,2
14598,1
14599,2
14600,2
14602,1
14605,1
14606,1
14607,1
14609,2
14612,1
14614,2
14617,3
14619,1
14620,2
14621,2
14622,1
14624,1
14625,2
14626,1
14628,1
14630,1
14631,2
14634,2
14635,1
14637,3
14640,2
14642,3
14643,1
14645,2
14646,1
14647,1
14649,1
14650,1
14651,1
14652,1
14656,1
14657,2
14662,1
14664,1
14666,1
14668,1
14671,2
14674,1
14675,3
14677,1
14678,3
14679,1
14682,1
14683,3
14684,3
14685,1
14687,1
14689,3
14690,2
14691,3
14692,1
14696,1
14697,1
14698,1
14699,1
14700,2
14701,1
14702,2
14703,1
14705,1
14706,1
14709,1
14711,1
14713,2
14714,3
14715,1
14716,3
14717,1
14718,1
14720,1
14722,2
14723,2
14724,1
14725,1
14727,1
14728,1
14729,3
14730,1
14731,1
14734,1
14735,2
14737,1
14738,1
14741,1
14742,1
14744,1
14745,1
14747,2
14749,2
14752,1
14753,1
14754,1
14755,2
14756,1
14759,1
14763,2
14764,2
14767,1
14768,2
14769,1
14771,1
14773,1
14774,1
14775,1
14776,3
14777,1
14778,2
14779,1
14780,1
14784,3
14786,1
14787,2
14790,1
14793,2
14794,1
14795,2
14796,1
14797,2
14799,1
14800,2
14802,2
14803,1
14806,1
14807,3
14809,1
14810,2
14812,1
14813,1
14814,1
14815,3
14816,1
14817,1
14818,1
14819,2
14820,1
14821,1
14825,1
14826,3
14827,4
14828,2
14829,2
14831,3
14832,2
14833,1
14836,1
14838,1
14840,1
14841,2
14843,3
14844,1
14846,1
14847,1
14849,1
14852,1
14853,1
14854,1
14855,4
14856,1
14857,1
14858,1
14859,1
14860,1
14861,2
14862,1
14865,1
14866,1
14867,1
14868,1
14869,1
14870,3
14872,1
14873,3
14878,1
14881,1
14882,1
14883,1
14884,1
14886,1
14889,2
14890,1
14892,1
14894,1
14895,2
14898,1
14900,1
14902,1
14903,1
14906,1
14908,1
14912,1
14913,1
14915,1
14919,1
14921,1
14924,1
14925,3
14926,1
14928,1
14929,2
14930,3
14931,1
14932,1
14933,3
14935,1
14936,1
14937,1
14938,3
14940,1
14941,1
14942,1
14943,1
14945,2
14946,1
14948,2
14950,1
14953,2
14955,1
14956,1
14958,2
14959,5
14964,2
14965,1
14966,1
14967,1
14968,1
14969,1
14970,1
14971,1
14972,2
14977,1
14978,1
14979,1
14980,3
14982,2
14985,1
14989,2
14991,1
14992,1
14993,1
14994,1
14995,3
14999,1
15001,2
15002,1
15003,2
15004,1
15005,2
15007,1
15010,1
15011,2
15012,1
15013,2
15014,3
15015,1
15016,4
15018,2
15020,3
15021,1
15022,1
15025,2
15027,1
15029,1
15030,1
15031,3
15032,1
15033,1
15034,3
15036,1
15037,2
15038,1
15039,1
15042,1
15046,1
15047,2
15048,3
15052,2
15054,2
15055,2
15057,3
15058,3
15059,1
15060,4
15061,2
15063,1
15064,1
15065,3
15066,4
15067,2
15068,1
15070,3
15071,2
15072,2
15073,2
15074,3
15079,1
15080,1
15083,1
15084,2
15086,1
15087,1
15088,2
15090,1
15093,2
15094,2
15095,2
15096,1
15103,2
15105,1
15106,2
15108,1
15110,1
15112,1
15114,1
15115,2
15116,2
15117,1
15118,1
15119,3
15120,2
15121,3
15122,1
15124,1
15125,2
15127,1
15128,1
15129,1
15133,3
15134,1
15137,1
15138,1
15143,1
15145,2
15149,2
15150,1
15152,1
15153,1
15154,1
15157,2
15160,1
15161,1
15162,1
15165,2
15166,2
15167,4
15168,3
15169,1
15170,1
15172,1
15173,1
15175,1
15178,1
15179,1
15180,2
15181,2
15182,2
15184,2
15185,1
15186,3
15188,1
15189,1
15190,2
15192,1
15193,3
15194,3
15195,1
15196,3
15197,3
15199,1
15200,2
15202,2
15203,2
15204,1
15207,1
15209,2
15210,1
15213,2
15214,2
15215,3
15216,2
15218,1
15219,3
15221,2
15222,3
15224,1
15225,3
15227,1
15228,2
15229,3
15231,1
15232,3
15233,1
15234,1
15238,1
15239,2
15240,1
15244,1
15245,2
15246,1
15249,1
15250,1
15252,3
15253,1
15254,1
15255,1
15256,1
15257,2
15258,1
15259,3
15260,2
15261,3
15262,1
15263,2
15264,2
15265,4
15268,1
15270,3
15271,1
15273,1
15275,3
15276,1
15279,1
15280,3
15282,1
15283,2
15286,1
15287,2
15288,1
15289,1
15291,1
15292,2
15293,1
15294,2
15295,1
15297,3
15298,2
15300,1
15302,1
15304,1
15307,1
15310,1
15316,5
15317,2
15318,1
15321,2
15322,3
15323,1
15324,2
15326,2
15327,1
15332,1
15333,1
15334,2
15337,1
15340,3
15341,1
15342,1
15343,1
15344,1
15346,1
15347,1
15348,1
15349,1
15350,1
15351,2
15352,1
15353,1
15356,1
15357,2
15361,4
15362,1
15363,4
15364,1
15365,1
15366,3
15369,1
15370,2
15372,2
15373,1
15375,1
15376,3
15377,2
15380,2
15381,1
15382,1
15383,1
15385,1
15387,2
15388,1
15389,1
15390,1
15391,1
15392,1
15393,3
15394,2
15396,3
15397,1
15399,1
15401,1
15402,1
15409,1
15410,1
15412,1
15413,1
15415,1
15416,1
15417,1
15418,1
15419,1
15420,4
15421,2
15422,2
15423,1
15425,1
15427,2
15428,1
15429,1
15430,2
15431,1
15432,2
15433,2
15434,1
15435,2
15436,1
15437,1
15438,1
15439,1
15442,1
15444,1
15446,1
15447,2
15448,1
15449,1
15451,1
15452,1
15453,1
15455,2
15456,1
15457,1
15458,1
15460,1
15462,2
15463,2
15465,1
15467,2
15469,2
15470,3
15471,1
15473,1
15474,1
15475,2
15476,3
15477,1
15478,1
15479,2
15480,1
15481,1
15482,1
15483,3
15484,2
15485,2
15486,2
15488,2
15490,2
15491,2
15492,1
15493,1
15494,2
15495,1
15496,3
15497,2
15498,1
15499,2
15500,1
15502,1
15504,1
15505,3
15506,1
15508,1
15510,1
15511,2
15512,1
15513,2
15514,2
15516,1
15517,1
15518,1
15519,1
15520,2
15521,2
15522,1
15523,1
15524,2
15528,2
15530,1
15531,2
15533,1
15536,2
15537,2
15538,2
15540,1
15541,1
15542,2
15543,1
15544,3
15545,1
15546,2
15547,2
15549,1
15551,2
15552,2
15553,1
15555,1
15556,1
15557,2
15558,3
15559,1
15560,1
15561,3
15564,1
15565,2
15566,2
15568,6
15569,1
15570,2
15571,1
15574,1
15575,1
15576,1
15577,1
15579,1
15580,1
15581,2
15582,3
15583,2
15584,1
15585,1
15586,3
15587,1
15588,2
15589,3
15590,2
15591,1
15594,1
15595,2
15596,1
15597,1
15598,2
15601,1
15604,1
15605,2
15606,5
15607,3
15609,2
15610,2
15611,1
15612,2
15614,2
15615,2
15617,1
15619,2
15620,1
15621,2
15622,1
15623,2
15624,2
15625,1
15626,1
15627,1
15628,1
15629,1
15632,2
15633,1
15634,2
15636,2
15638,2
15639,1
15641,2
15642,3
15643,1
15645,1
15647,1
15649,2
15651,2
15653,3
15654,2
15655,1
15658,3
15659,1
15660,2
15661,3
15663,3
15664,2
15665,1
15667,1
15668,2
15669,1
15672,2
15673,1
15675,1
15678,2
15680,2
15681,1
15683,2
15684,1
15685,3
15687,3
15689,1
15690,1
15691,3
15692,3
15693,2
15694,5
15695,1
15696,1
15697,2
15699,3
15700,1
15701,2
15703,1
15704,1
15705,1
15706,1
15707,2
15708,6
15709,2
15711,1
15712,1
15714,2
15715,1
15718,1
15720,1
15721,1
15725,1
15726,5
15728,2
15729,2
15732,3
15733,1
15734,3
15735,4
15736,1
15737,1
15738,5
15739,1
15740,1
15741,1
15742,2
15743,3
15745,1
15746,1
15747,1
15748,2
15749,1
15751,1
15752,1
15755,1
15756,2
15757,3
15758,1
15759,1
15760,1
15761,3
15762,2
15763,1
15764,2
15765,1
15767,1
15768,1
15769,1
15770,1
15771,2
15776,3
15777,3
15779,2
15781,1
15782,3
15783,1
15784,1
15785,3
15786,1
15787,1
15788,1
15789,3
15791,1
15793,1
15794,2
15796,2
15797,4
15798,2
15799,3
15800,1
15802,1
15803,2
15804,2
15806,1
15810,3
15811,1
15814,2
15815,3
15816,2
15817,2
15818,2
15819,1
15820,1
15822,3
15823,1
15824,4
15826,1
15827,4
15828,1
15829,2
15830,1
15831,1
15832,3
15834,1
15835,1
15836,3
15837,3
15838,3
15839,2
15841,1
15842,1
15844,1
15846,3
15847,1
15848,1
15849,3
15850,2
15852,2
15853,3
15854,1
15856,1
15857,1
15858,2
15859,2
15861,1
15862,3
15865,1
15867,3
15868,1
15869,1
15870,2
15871,1
15872,2
15873,1
15874,2
15875,1
15876,1
15877,1
15878,2
15879,5
15880,2
15881,2
15883,1
15884,1
15885,1
15887,2
15888,3
15889,3
15890,2
15891,4
15892,1
15893,2
15894,2
15896,1
15897,2
15898,2
15899,3
15900,1
15901,1
15903,1
15904,1
15905,1
15907,1
15908,2
15909,1
15910,1
15911,1
15912,2
15913,4
15914,2
15916,3
15917,3
15918,2
15920,1
15921,2
15922,1
15923,3
15924,2
15927,1
15929,2
15930,2
15931,3
15932,1
15933,3
15934,3
15935,6
15937,2
15939,3
15940,1
15941,1
15942,1
15943,1
15944,3
15945,2
15946,1
15947,1
15948,3
15949,1
15950,4
15951,1
15953,1
15954,1
15955,2
15956,2
15957,1
15958,1
15959,3
15960,2
15961,4
15962,1
15963,2
15965,1
15966,1
15969,1
15970,1
15971,3
15972,1
15973,3
15974,2
15975,2
15976,1
15977,1
15978,1
15979,3
15980,3
15985,2
15986,1
15987,2
15988,4
15989,2
15990,2
15991,4
15992,1
15993,1
15994,2
15995,1
15996,1
15997,2
15998,2
16000,2
16001,2
16002,2
16003,3
16004,2
16005,2
16006,1
16007,1
16008,1
16009,2
16011,1
16012,2
16013,1
16014,2
16016,1
16019,2
16021,1
16024,2
16025,2
16026,1
16027,2
16028,1
16029,2
16030,2
16031,3
16032,1
16034,6
16035,1
16036,2
16038,6
16039,1
16040,2
16041,1
16042,2
16043,1
16044,2
16045,1
16046,4
16047,1
16048,2
16049,1
16050,1
16051,4
16052,3
16053,2
16055,1
16056,1
16058,1
16059,3
16060,3
16062,1
16063,4
16065,1
16066,1
16067,1
16068,1
16069,2
16070,2
16071,2
16072,1
16073,1
16074,2
16075,1
16076,1
16077,2
16078,1
16079,3
16080,1
16084,1
16085,1
16086,1
16087,4
16088,1
16091,2
16092,1
16093,1
16094,1
16095,3
16096,1
16098,2
16100,2
16101,1
16102,2
16103,2
16105,3
16106,1
16107,1
16108,3
16109,2
16110,2
16111,1
16112,2
16113,3
16114,2
16118,3
16120,4
16121,1
16122,1
16123,5
16124,2
16125,3
16126,1
16127,2
16128,3
16129,1
16130,1
16132,1
16133,5
16134,1
16135,1
16136,1
16137,2
16138,2
16140,5
16141,2
16142,3
16143,2
16144,2
16145,1
16146,5
16148,3
16149,2
16152,1
16153,2
16157,3
16158,4
16159,2
16160,3
16161,1
16162,3
16163,1
16164,4
16165,2
16166,1
16167,1
16168,1
16169,1
16170,1
16171,3
16172,2
16173,1
16174,1
16175,1
16176,1
16177,1
16178,3
16179,2
16180,3
16181,1
16183,1
16184,4
16185,3
16186,1
16187,1
16188,2
16189,1
16190,1
16191,3
16192,1
16193,2
16194,1
16196,4
16197,3
16199,5
16200,2
16201,2
16203,1
16204,1
16205,1
16206,2
16207,2
16208,2
16209,2
16210,1
16211,1
16212,1
16213,1
16215,2
16216,2
16217,1
16218,1
16219,2
16225,3
16226,3
16227,2
16228,2
16230,1
16231,1
16232,1
16233,2
16235,2
16236,1
16237,2
16238,1
16239,2
16241,3
16242,6
16243,1
16244,2
16245,1
16246,2
16247,2
16248,2
16249,3
16252,1
16253,4
16254,2
16255,1
16256,1
16257,1
16258,2
16259,1
16260,4
16261,1
16262,1
16263,1
16264,2
16266,2
16267,2
16269,1
16270,4
16271,2
16272,3
16273,4
16275,1
16276,2
16277,2
16278,1
16279,2
16280,1
16281,2
16282,1
16283,1
16284,2
16286,2
16287,2
16288,2
16289,2
16290,2
16291,2
16292,4
16293,3
16294,1
16295,1
16296,2
16297,1
16298,6
16299,4
16300,4
16301,1
16302,2
16305,2
16307,1
16309,3
16310,1
16313,1
16314,2
16315,1
16316,3
16317,1
16318,3
16321,4
16322,1
16323,1
16324,3
16325,1
16327,1
16328,3
16329,1
16330,2
16331,4
16332,1
16333,3
16335,2
16338,1
16339,2
16342,1
16343,4
16345,4
16346,2
16347,3
16349,1
16350,1
16351,4
16353,1
16354,1
16355,1
16357,2
16359,3
16361,1
16362,2
16363,1
16365,2
16367,1
16368,2
16369,1
16370,4
16372,2
16375,1
16376,2
16378,1
16381,1
16382,1
16383,1
16384,1
16386,2
16388,1
16389,1
16390,3
16393,1
16395,1
16397,1
16398,2
16400,2
16401,3
16402,2
16404,1
16405,2
16406,2
16408,1
16409,1
16411,3
16412,1
16414,1
16416,1
16418,1
16419,1
16420,1
16421,1
16422,2
16423,1
16424,2
16425,3
16426,2
16427,2
16428,2
16429,1
16431,1
16436,1
16437,1
16438,4
16441,1
16442,2
16444,1
16445,5
16447,2
16448,4
16449,1
16450,1
16451,2
16452,2
16453,1
16454,2
16455,2
16457,1
16464,3
16465,2
16466,1
16467,2
16469,1
16470,2
16471,1
16473,2
16475,1
16478,2
16479,1
16480,1
16482,1
16483,4
16484,2
16485,1
16487,1
16488,3
16489,1
16490,1
16491,2
16492,1
16493,2
16494,2
16495,1
16496,1
16497,1
16498,1
16499,2
16500,1
16501,1
16502,3
16503,1
16504,3
16505,2
16506,2
16507,2
16508,2
16509,2
16510,1
16511,3
16513,2
16514,3
16515,3
16517,3
16520,2
16522,2
16523,3
16524,2
16525,2
16526,2
16527,2
16530,2
16531,1
16533,5
16534,1
16536,2
16537,1
16538,3
16539,1
16540,2
16544,1
16545,3
16547,2
16548,1
16549,1
16550,1
16551,1
16553,1
16554,1
16555,3
16556,2
16557,3
16558,3
16559,1
16560,1
16561,2
16562,1
16563,2
16566,1
16567,1
16568,3
16569,1
16570,1
16571,1
16572,1
16573,1
16574,2
16575,1
16577,1
16578,3
16579,3
16581,1
16583,3
16584,2
16585,2
16586,2
16587,3
16588,2
16589,1
16590,1
16591,1
16592,2
16593,2
16594,3
16595,2
16596,1
16597,2
16598,1
16599,4
16600,2
16602,1
16603,3
16604,3
16605,3
16606,1
16608,3
16609,1
16610,1
16611,2
16613,1
16614,4
16615,2
16616,1
16617,2
16618,1
16622,2
16623,2
16624,3
16625,1
16626,3
16628,4
16629,1
16630,1
16631,2
16632,1
16633,1
16634,3
16635,4
16638,1
16640,1
16641,3
16642,3
16643,1
16645,2
16646,1
16647,1
16648,1
16649,4
16650,1
16651,1
16652,1
16657,1
16658,4
16659,4
16662,2
16663,2
16664,1
16665,3
16668,1
16669,2
16670,1
16671,2
16675,2
16676,2
16677,2
16678,1
16679,2
16682,2
16683,2
16684,1
16685,1
16686,3
16687,3
16688,2
16689,2
16691,1
16692,2
16693,3
16694,1
16697,3
16698,2
16699,3
16700,2
16701,3
16702,1
16704,1
16705,2
16706,1
16707,1
16709,3
16711,1
16713,1
16714,2
16715,1
16716,1
16718,1
16719,1
16721,3
16722,2
16723,2
16725,3
16726,2
16727,1
16728,2
16729,4
16730,1
16732,3
16733,4
16734,2
16735,3
16736,1
16737,1
16738,4
16739,3
16740,4
16741,1
16742,2
16743,2
16746,1
16747,2
16748,2
16749,4
16750,2
16751,2
16752,2
16753,2
16754,1
16755,2
16756,1
16759,1
16760,1
16762,2
16763,1
16764,1
16765,5
16766,1
16767,2
16769,1
16770,1
16771,1
16772,2
16773,1
16775,1
16776,1
16777,2
16778,3
16779,1
16780,1
16781,1
16782,1
16783,2
16784,3
16786,1
16787,1
16789,2
16790,1
16793,3
16795,1
16796,2
16797,1
16798,1
16799,2
16800,1
16802,1
16803,2
16805,2
16806,1
16807,1
16808,2
16809,4
16810,3
16812,3
16813,3
16814,3
16815,1
16816,1
16817,3
16818,3
16820,2
16821,2
16823,1
16824,1
16825,2
16826,1
16827,1
16828,1
16831,3
16833,2
16834,1
16835,3
16836,3
16837,1
16838,2
16839,2
16842,2
16845,1
16846,1
16847,1
16848,3
16849,4
16850,1
16851,1
16853,1
16855,1
16856,2
16857,3
16858,1
16859,3
16860,1
16861,3
16863,2
16864,2
16865,1
16866,1
16867,2
16869,1
16871,2
16873,1
16874,1
16875,2
16876,2
16877,1
16879,3
16880,2
16882,1
16883,1
16884,1
16885,2
16886,1
16889,2
16890,5
16892,1
16894,1
16895,2
16897,1
16898,1
16900,2
16901,3
16903,2
16905,1
16906,2
16907,1
16911,1
16912,3
16914,1
16915,1
16916,1
16917,1
16918,2
16920,2
16921,2
16922,2
16924,1
16926,2
16927,5
16928,1
16929,4
16931,1
16932,1
16934,2
16935,1
16937,2
16938,3
16939,1
16940,1
16941,1
16942,1
16943,1
16944,3
16945,2
16946,1
16950,1
16951,1
16952,2
16953,1
16954,3
16955,1
16956,2
16958,4
16959,2
16960,1
16961,2
16963,3
16964,1
16966,1
16968,3
16969,1
16970,3
16971,2
16972,1
16973,2
16974,1
16975,1
16976,1
16977,1
16979,1
16981,2
16982,2
16984,3
16985,1
16986,4
16988,1
16989,4
16990,1
16992,2
16994,1
16995,2
16996,2
16997,1
17000,2
17001,1
17002,1
17003,3
17006,2
17007,1
17010,3
17012,1
17013,2
17014,1
17016,2
17019,1
17020,1
17021,4
17022,3
17023,1
17024,4
17025,1
17026,1
17027,1
17029,1
17030,2
17031,1
17032,4
17034,1
17037,2
17038,1
17039,2
17041,3
17042,2
17043,2
17044,1
17045,1
17046,1
17047,1
17048,2
17049,3
17050,2
17051,1
17052,1
17055,3
17056,1
17058,2
17059,1
17060,2
17061,4
17062,1
17063,3
17064,1
17065,2
17066,2
17067,2
17068,2
17069,3
17070,1
17071,1
17072,2
17073,1
17075,1
17076,3
17077,1
17078,2
17079,1
17080,3
17083,3
17084,1
17085,1
17087,1
17092,1
17093,1
17094,4
17095,3
17096,1
17097,2
17098,2
17099,1
17100,1
17101,3
17102,1
17103,2
17104,2
17105,4
17107,3
17108,2
17109,2
17110,1
17112,1
17113,1
17114,2
17115,2
17117,2
17118,1
17119,3
17120,1
17122,2
17123,1
17124,2
17126,2
17128,1
17129,3
17130,2
17132,3
17133,1
17137,2
17138,1
17139,1
17140,4
17141,5
17142,1
17144,2
17146,1
17148,1
17149,1
17150,2
17151,1
17152,2
17153,2
17154,1
17155,4
17159,2
17160,1
17162,3
17163,1
17164,3
17165,1
17167,2
17168,1
17169,2
17170,4
17171,4
17172,2
17173,3
17174,1
17175,2
17176,3
17179,2
17181,2
17182,4
17184,2
17185,2
17186,2
17187,3
17188,2
17189,2
17190,1
17191,3
17195,3
17196,1
17197,1
17198,2
17199,1
17200,1
17202,1
17204,1
17205,4
17206,2
17207,2
17208,1
17210,1
17212,2
17213,1
17214,2
17215,1
17217,1
17218,4
17221,3
17222,1
17224,3
17225,1
17226,1
17227,4
17228,2
17229,1
17230,3
17232,3
17233,1
17234,1
17235,3
17236,1
17237,1
17238,1
17241,2
17242,1
17243,3
17244,1
17245,1
17246,2
17247,3
17249,1
17250,1
17252,3
17253,1
17255,3
17256,1
17257,2
17258,1
17259,2
17260,3
17261,1
17263,1
17264,1
17265,2
17266,1
17267,3
17268,3
17269,1
17271,2
17272,1
17273,2
17274,2
17275,2
17276,4
17277,1
17278,1
17279,1
17280,2
17281,2
17282,3
17283,3
17284,1
17285,5
17286,3
17287,1
17289,1
17290,2
17291,3
17292,2
17293,1
17294,1
17295,3
17298,2
17299,1
17300,2
17301,2
17302,1
17307,1
17308,1
17310,1
17311,1
17312,2
17313,1
17314,1
17315,3
17316,2
17318,2
17319,3
17320,1
17322,2
17323,1
17324,1
17325,2
17326,1
17327,1
17328,4
17329,1
17330,2
17331,1
17332,1
17333,2
17334,2
17336,2
17337,2
17338,1
17339,2
17340,1
17341,1
17343,3
17344,3
17346,3
17348,3
17349,4
17351,1
17353,2
17354,4
17355,1
17356,1
17358,4
17359,1
17361,5
17363,1
17364,1
17365,1
17366,1
17367,1
17368,1
17369,2
17370,2
17371,2
17373,1
17374,1
17375,3
17376,1
17377,1
17378,1
17379,1
17380,2
17381,4
17382,1
17383,1
17384,2
17385,1
17386,1
17387,2
17388,2
17389,1
17392,1
17393,1
17395,1
17398,2
17399,2
17400,5
17402,1
17403,1
17405,3
17406,3
17407,1
17408,1
17409,2
17410,1
17412,5
17414,1
17415,3
17416,3
17418,1
17420,3
17421,2
17422,3
17425,2
17426,3
17427,1
17430,3
17431,2
17432,1
17433,2
17435,1
17436,1
17437,1
17438,2
17439,2
17440,3
17441,1
17443,2
17444,3
17445,3
17446,2
17448,3
17449,3
17450,3
17451,2
17455,1
17456,2
17457,1
17460,1
17461,2
17465,2
17466,3
17467,1
17468,1
17469,2
17470,3
17471,3
17473,1
17474,2
17475,1
17476,2
17478,1
17479,1
17480,1
17481,1
17482,1
17483,1
17484,2
17485,1
17486,1
17487,2
17488,1
17489,3
17491,1
17492,1
17493,1
17494,5
17495,1
17496,5
17499,3
17500,1
17502,3
17504,1
17508,3
17510,3
17511,2
17512,1
17513,3
17514,1
17515,1
17517,2
17518,3
17519,1
17520,3
17521,1
17522,1
17525,3
17526,2
17527,4
17528,1
17529,3
17530,3
17531,4
17532,1
17533,3
17535,2
17536,2
17538,3
17539,1
17540,1
17541,2
17542,3
17544,5
17545,1
17546,3
17547,2
17548,1
17549,1
17550,2
17551,1
17555,3
17556,3
17558,1
17560,5
17561,1
17562,2
17563,4
17564,2
17565,2
17567,1
17568,1
17569,1
17573,2
17574,2
17576,1
17577,2
17578,3
17579,2
17580,1
17583,3
17584,1
17586,2
17587,3
17591,1
17593,5
17594,2
17596,2
17597,1
17598,1
17599,3
17601,1
17602,2
17603,2
17604,1
17605,1
17609,2
17610,2
17611,2
17612,3
17614,3
17615,1
17616,2
17617,3
17619,1
17620,3
17621,1
17624,4
17625,1
17626,3
17627,1
17628,1
17629,4
17630,1
17631,1
17632,1
17635,1
17637,2
17640,2
17641,1
17642,1
17643,2
17644,2
17645,3
17646,5
17647,2
17650,1
17651,2
17652,2
17653,2
17654,1
17655,2
17656,5
17657,2
17658,1
17660,3
17662,1
17665,2
17666,2
17668,1
17669,3
17671,3
17672,2
17673,2
17674,4
17675,2
17676,2
17677,1
17678,1
17679,1
17681,3
17682,1
17683,2
17685,1
17687,1
17690,3
17691,1
17692,1
17693,2
17694,2
17695,3
17696,1
17697,4
17698,1
17700,3
17701,1
17702,1
17703,1
17704,1
17705,1
17707,2
17708,5
17709,3
17710,1
17712,3
17713,2
17714,1
17715,1
17716,1
17717,2
17718,1
17719,2
17720,4
17722,1
17723,3
17724,2
17725,3
17726,2
17727,3
17728,2
17729,1
17730,1
17731,2
17732,4
17734,2
17735,5
17736,3
17737,2
17738,2
17739,2
17740,3
17742,1
17743,1
17744,1
17745,1
17746,3
17748,2
17749,2
17750,2
17754,1
17755,2
17756,2
17757,1
17758,3
17759,2
17760,2
17761,1
17762,1
17763,2
17764,2
17766,4
17767,1
17768,2
17769,3
17770,3
17771,5
17773,1
17774,1
17775,3
17777,5
17778,1
17779,3
17780,1
17781,2
17782,2
17783,1
17785,2
17787,1
17788,3
17789,2
17790,2
17791,3
17792,1
17793,1
17795,4
17796,2
17797,1
17798,3
17799,3
17800,2
17801,3
17802,3
17803,2
17804,2
17805,5
17806,1
17807,1
17808,2
17810,1
17811,2
17812,2
17813,1
17814,1
17815,2
17816,2
17817,3
17818,2
17819,1
17820,1
17821,1
17822,1
17823,3
17825,2
17827,1
17831,1
17832,5
17833,1
17835,1
17837,2
17838,1
17840,1
17842,1
17843,3
17844,2
17845,2
17846,1
17847,3
17848,1
17849,1
17851,2
17852,1
17853,2
17854,5
17856,1
17857,1
17858,3
17859,1
17860,3
17861,1
17862,1
17864,3
17865,2
17866,1
17868,1
17869,2
17870,2
17871,3
17873,1
17874,2
17875,3
17876,2
17878,2
17879,2
17880,2
17881,4
17882,1
17883,1
17884,1
17885,1
17886,1
17887,3
17889,1
17890,5
17891,3
17892,4
17893,3
17894,2
17895,1
17896,2
17897,2
17898,1
17899,3
17900,4
17902,1
17903,1
17904,1
17905,2
17906,3
17907,1
17908,1
17909,2
17911,1
17913,1
17914,1
17916,1
17917,1
17919,1
17920,4
17922,2
17924,2
17925,2
17926,5
17927,2
17928,1
17929,2
17932,1
17933,2
17934,2
17935,2
17936,1
17938,1
17939,4
17940,2
17941,3
17942,1
17944,5
17945,1
17947,2
17949,2
17950,3
17951,1
17952,3
17953,2
17954,3
17956,3
17957,2
17958,2
17959,4
17961,3
17962,2
17963,2
17964,2
17965,3
17968,2
17969,3
17971,1
17972,1
17973,6
17974,1
17976,3
17978,1
17980,4
17981,1
17982,1
17984,3
17985,1
17986,1
17987,3
17988,3
17989,1
17990,1
17991,3
17992,1
17993,2
17994,3
17995,3
17998,3
18000,1
18001,6
18002,2
18003,2
18004,2
18005,2
18006,1
18007,2
18008,1
18009,1
18010,1
18011,1
18012,2
18014,3
18015,3
18016,2
18018,2
18019,1
18020,2
18021,1
18023,3
18024,3
18025,2
18026,1
18027,4
18028,3
18029,1
18030,4
18031,1
18032,3
18033,1
18034,4
18035,1
18036,1
18037,2
18038,1
18039,1
18040,3
18041,2
18042,3
18043,2
18044,3
18045,2
18046,2
18047,1
18048,1
18049,3
18050,1
18051,3
18052,1
18053,3
18054,2
18057,2
18059,1
18060,2
18061,2
18062,1
18063,1
18064,1
18065,1
18067,3
18068,1
18069,2
18070,1
18071,1
18072,2
18075,4
18076,2
18077,2
18078,1
18079,1
18081,1
18083,1
18084,2
18085,2
18086,1
18087,1
18088,3
18089,1
18090,2
18091,2
18092,2
18095,1
18096,2
18097,1
18098,5
18099,1
18100,1
18102,4
18103,4
18104,1
18105,2
18106,3
18107,1
18108,1
18109,2
18110,2
18111,1
18112,1
18113,4
18114,2
18116,1
18117,1
18119,3
18120,2
18121,1
18122,2
18123,1
18124,1
18125,3
18126,1
18127,4
18129,2
18130,3
18131,4
18132,2
18133,2
18136,2
18137,1
18138,1
18139,1
18140,2
18141,1
18142,2
18143,5
18145,3
18146,3
18147,1
18148,1
18151,1
18152,2
18153,2
18154,1
18156,4
18157,2
18158,4
18159,2
18160,1
18161,1
18162,2
18163,3
18164,3
18166,3
18167,4
18169,2
18170,2
18171,1
18172,1
18173,1
18175,3
18176,2
18177,2
18178,1
18179,1
18181,3
18183,1
18184,1
18185,2
18186,3
18187,1
18189,1
18190,1
18191,3
18192,1
18193,1
18196,2
18197,1
18199,2
18200,2
18201,3
18203,1
18204,2
18205,3
18207,2
18208,2
18209,3
18210,1
18211,1
18212,2
18213,5
18214,3
18216,1
18217,2
18218,3
18220,2
18221,2
18222,2
18223,2
18224,4
18225,2
18226,1
18227,2
18230,1
18231,2
18232,4
18233,2
18235,1
18236,2
18237,3
18238,1
18239,2
18243,3
18244,2
18245,1
18246,2
18250,2
18252,1
18253,1
18254,2
18255,1
18256,2
18257,3
18258,2
18260,2
18261,3
18262,5
18263,2
18264,3
18265,2
18266,2
18267,1
18268,1
18270,1
18271,2
18272,1
18273,4
18274,1
18275,3
18276,2
18277,3
18279,3
18280,1
18281,4
18283,2
18284,1
18285,1
18286,1
18288,2
18289,3
18290,2
18291,2
18292,2
18293,2
18294,5
18295,2
18296,2
18297,3
18298,1
18299,2
18300,1
18301,2
18302,2
18303,2
18304,5
18305,2
18306,1
18308,1
18309,3
18312,5
18313,1
18314,1
18315,4
18316,2
18317,2
18320,2
18321,2
18322,1
18323,2
18324,2
18325,3
18326,1
18327,1
18328,1
18329,1
18331,2
18333,2
18334,1
18335,1
18337,1
18338,4
18339,3
18340,2
18341,1
18342,2
18343,1
18345,3
18346,4
18348,2
18350,2
18351,1
18352,3
18353,1
18354,3
18355,2
18356,1
18357,1
18358,1
18359,3
18360,1
18361,1
18362,1
18363,4
18365,2
18366,3
18367,1
18368,3
18369,3
18370,3
18371,1
18372,3
18374,2
18375,2
18376,1
18380,2
18383,1
18384,1
18385,1
18386,3
18387,2
18388,2
18389,1
18390,4
18392,3
18393,3
18394,2
18395,1
18396,2
18397,1
18398,3
18400,1
18401,1
18402,1
18403,1
18404,4
18405,3
18406,2
18408,3
18409,1
18410,1
18411,3
18413,1
18414,2
18415,1
18417,3
18419,2
18420,2
18421,4
18422,1
18423,4
18424,3
18425,3
18426,3
18427,1
18429,3
18433,3
18434,2
18435,1
18436,2
18437,2
18438,1
18439,2
18440,1
18441,2
18442,1
18443,5
18444,3
18445,2
18446,1
18448,3
18450,1
18452,3
18453,2
18454,1
18455,3
18456,5
18457,3
18458,1
18460,1
18461,1
18462,2
18463,2
18465,2
18466,2
18467,3
18468,1
18469,1
18470,4
18471,1
18472,1
18473,3
18474,3
18476,1
18477,2
18478,1
18480,2
18482,3
18483,2
18484,3
18485,1
18486,3
18487,2
18490,1
18491,5
18492,1
18493,2
18495,3
18496,2
18497,4
18498,1
18501,1
18502,2
18503,1
18504,2
18505,3
18506,2
18507,1
18508,3
18509,1
18510,2
18511,1
18512,1
18513,1
18515,3
18516,4
18518,4
18519,2
18520,2
18521,2
18522,2
18523,2
18524,2
18525,2
18526,6
18527,3
18528,1
18529,1
18530,1
18531,1
18532,2
18533,3
18535,1
18536,1
18537,1
18540,2
18542,3
18543,2
18544,3
18545,2
18547,6
18548,1
18549,1
18550,2
18551,2
18552,1
18553,3
18555,1
18556,1
18557,1
18559,1
18560,4
18561,2
18562,1
18563,1
18564,2
18566,3
18567,2
18568,2
18569,3
18571,1
18572,1
18573,1
18574,7
18575,6
18577,1
18578,1
18579,3
18580,1
18581,3
18582,1
18583,1
18584,1
18586,1
18587,3
18588,6
18589,1
18590,1
18592,2
18593,3
18594,1
18595,1
18596,2
18597,2
18598,1
18599,1
18600,1
18601,1
18602,2
18603,3
18606,3
18607,1
18608,1
18609,4
18611,3
18612,4
18613,1
18614,1
18615,3
18617,1
18618,1
18619,2
18621,3
18622,1
18623,2
18624,2
18629,4
18630,2
18632,2
18633,1
18634,1
18635,1
18636,3
18637,3
18638,1
18639,2
18641,1
18642,2
18643,1
18644,5
18645,3
18646,2
18647,1
18648,1
18649,2
18650,2
18651,1
18653,3
18654,3
18656,4
18659,1
18662,1
18667,3
18668,2
18669,2
18673,2
18674,2
18675,6
18676,3
18677,1
18678,1
18679,1
18683,1
18686,1
18687,1
18688,1
18689,1
18691,1
18692,3
18693,4
18694,2
18695,1
18696,3
18697,1
18698,1
18699,1
18700,2
18701,2
18703,3
18704,1
18705,4
18706,2
18707,2
18708,3
18709,1
18710,2
18711,2
18712,2
18713,2
18714,2
18715,3
18716,2
18717,1
18718,2
18719,2
18721,4
18722,1
18723,1
18724,2
18726,3
18727,2
18728,3
18729,2
18730,2
18731,4
18732,1
18733,2
18734,3
18736,3
18739,1
18740,3
18741,2
18742,4
18743,1
18745,1
18746,2
18747,1
18748,1
18749,2
18753,1
18754,1
18756,3
18757,1
18759,1
18762,1
18763,1
18764,1
18765,2
18766,2
18767,3
18769,2
18771,1
18773,3
18774,2
18775,1
18776,1
18777,1
18778,3
18779,3
18780,2
18781,5
18782,1
18783,1
18784,1
18785,3
18787,1
18788,3
18790,1
18791,2
18792,1
18793,1
18794,1
18795,3
18796,1
18797,2
18799,2
18805,1
18807,1
18808,1
18809,1
18810,2
18811,2
18812,2
18813,1
18815,1
18816,1
18817,1
18818,2
18819,2
18820,1
18821,3
18822,1
18823,2
18825,3
18827,2
18829,2
18830,3
18831,4
18832,2
18833,1
18834,3
18837,3
18838,3
18839,1
18840,1
18841,1
18842,2
18843,3
18844,1
18845,3
18846,1
18847,1
18849,4
18850,1
18851,1
18852,2
18853,1
18854,1
18855,1
18856,3
18857,1
18858,2
18860,2
18861,1
18862,1
18863,4
18865,1
18866,1
18868,3
18869,2
18870,1
18871,1
18873,2
18874,1
18875,1
18878,2
18880,2
18881,1
18882,1
18883,4
18885,1
18886,2
18887,1
18888,1
18889,1
18890,2
18892,1
18893,2
18894,2
18895,1
18896,1
18897,1
18899,2
18900,5
18904,2
18906,3
18908,5
18909,2
18911,2
18914,2
18915,3
18916,2
18918,2
18919,2
18921,2
18922,2
18925,3
18926,1
18927,1
18928,1
18929,1
18931,4
18932,1
18933,2
18935,2
18938,2
18939,1
18940,1
18941,1
18942,2
18943,1
18946,3
18947,3
18948,4
18949,2
18951,1
18952,1
18953,1
18955,1
18956,2
18957,3
18958,2
18959,2
18960,1
18962,3
18963,4
18964,1
18967,5
18968,5
18969,2
18970,2
18972,2
18973,1
18974,1
18975,2
18976,2
18977,2
18978,3
18979,1
18980,1
18982,1
18983,2
18985,2
18986,1
18988,1
18989,2
18990,1
18991,3
18993,1
18994,2
18995,2
18996,2
18997,3
18998,1
19000,4
19002,3
19003,1
19004,1
19005,1
19008,2
19010,5
19011,3
19012,2
19013,2
19014,1
19017,2
19018,2
19019,3
19020,5
19021,1
19022,1
19023,4
19024,3
19025,3
19027,2
19028,1
19029,1
19031,3
19032,1
19033,3
19034,4
19035,1
19036,1
19038,3
19039,2
19040,2
19041,3
19042,3
19043,1
19045,2
19047,2
19048,1
19049,2
19050,4
19051,1
19052,2
19053,2
19054,1
19055,1
19056,1
19057,1
19058,1
19060,2
19061,2
19062,4
19063,2
19064,3
19066,1
19067,2
19068,1
19069,3
19070,2
19072,2
19073,1
19074,2
19075,4
19076,2
19077,1
19078,1
19079,4
19081,1
19082,2
19083,1
19084,1
19085,3
19087,3
19088,5
19089,1
19090,2
19091,3
19092,1
19093,3
19094,2
19095,2
19096,1
19097,3
19098,3
19099,1
19101,4
19102,4
19103,1
19104,3
19105,1
19106,1
19107,6
19108,6
19110,4
19111,1
19112,5
19114,5
19118,2
19119,2
19120,2
19121,2
19122,1
19123,1
19125,1
19126,2
19129,1
19130,2
19131,1
19132,1
19133,2
19134,1
19136,2
19137,2
19139,2
19140,1
19143,1
19145,4
19146,2
19147,1
19148,2
19149,3
19150,1
19151,1
19152,2
19153,2
19154,1
19155,2
19158,3
19159,1
19160,2
19161,1
19163,3
19164,3
19165,1
19166,2
19167,1
19168,3
19169,3
19170,2
19172,2
19173,1
19174,2
19175,1
19176,2
19178,3
19180,2
19182,3
19183,1
19184,5
19186,2
19187,4
19188,2
19189,4
19190,2
19191,4
19193,3
19194,1
19195,1
19197,1
19198,1
19199,3
19200,2
19201,3
19202,1
19203,2
19206,2
19207,2
19208,2
19209,2
19210,2
19214,3
19215,1
19216,3
19217,1
19218,1
19219,1
19220,3
19221,1
19222,2
19225,1
19227,2
19230,2
19231,2
19232,2
19233,1
19234,1
19235,2
19236,2
19237,3
19238,1
19239,4
19240,3
19241,1
19242,3
19243,3
19244,1
19245,2
19247,3
19249,3
19250,1
19252,1
19254,3
19255,2
19256,3
19257,1
19260,2
19261,4
19262,1
19263,3
19265,1
19266,2
19267,1
19268,3
19269,1
19270,2
19272,1
19273,1
19275,2
19276,1
19277,4
19278,2
19279,4
19280,3
19282,2
19283,2
19286,2
19287,1
19288,2
19290,2
19291,2
19292,3
19293,1
19294,2
19295,1
19296,2
19298,1
19299,2
19301,1
19302,3
19303,3
19305,3
19306,3
19307,1
19308,2
19310,2
19311,2
19312,5
19313,2
19314,1
19315,1
19316,2
19317,2
19318,1
19320,1
19321,1
19323,1
19325,1
19326,3
19330,2
19331,2
19332,6
19333,2
19334,5
19336,5
19337,3
19338,1
19339,1
19341,1
19343,2
19345,1
19346,1
19347,1
19348,2
19352,1
19353,1
19354,1
19355,4
19357,2
19358,2
19359,1
19360,1
19361,2
19362,2
19363,1
19364,2
19367,1
19368,3
19369,2
19370,1
19371,2
19372,1
19373,2
19374,2
19375,1
19377,1
19378,3
19379,1
19380,1
19381,1
19382,1
19383,1
19385,2
19386,1
19387,2
19388,1
19389,2
19390,2
19391,2
19392,1
19394,1
19396,3
19397,2
19398,1
19399,1
19400,5
19401,1
19402,3
19403,2
19404,1
19405,2
19406,1
19408,1
19409,1
19410,1
19412,4
19413,3
19415,1
19416,1
19417,1
19418,1
19419,2
19421,2
19422,3
19423,1
19424,1
19425,2
19426,1
19427,2
19429,3
19430,1
19431,1
19432,1
19433,1
19435,2
19437,1
19438,2
19439,2
19441,3
19443,1
19444,1
19445,1
19446,3
19447,1
19448,2
19450,2
19451,2
19452,1
19455,3
19456,2
19457,1
19458,1
19459,1
19460,1
19462,4
19463,2
19464,1
19466,1
19468,2
19470,2
19471,2
19472,1
19473,3
19475,2
19476,1
19477,3
19478,1
19479,1
19482,2
19484,1
19485,5
19486,1
19487,1
19489,1
19492,1
19493,2
19494,2
19495,2
19496,1
19497,3
19498,3
19500,1
19502,2
19503,1
19505,1
19507,2
19508,3
19509,2
19510,2
19511,2
19514,3
19515,2
19516,2
19517,2
19518,1
19523,1
19525,1
19527,2
19529,1
19530,1
19531,1
19532,1
19533,1
19534,3
19535,1
19537,1
19538,2
19539,1
19540,2
19541,1
19542,1
19545,1
19546,3
19547,5
19548,1
19551,1
19552,1
19555,1
19556,4
19557,1
19558,1
19559,2
19560,3
19561,2
19562,1
19563,2
19565,1
19566,1
19567,3
19568,1
19570,1
19571,1
19572,1
19575,2
19577,4
19578,1
19579,1
19580,3
19581,2
19582,1
19583,2
19586,1
19587,1
19588,1
19590,2
19591,2
19593,1
19594,2
19596,1
19597,1
19599,1
19600,1
19601,2
19602,1
19603,3
19604,1
19606,2
19607,2
19608,1
19609,2
19610,2
19612,2
19613,1
19614,1
19615,2
19616,1
19617,4
19619,2
19620,1
19621,1
19622,1
19624,2
19626,2
19627,1
19628,1
19630,1
19631,1
19632,2
19635,2
19636,1
19637,3
19639,1
19640,1
19641,2
19642,2
19644,2
19645,1
19646,1
19647,1
19648,2
19650,1
19651,1
19655,1
19658,3
19659,1
19660,2
19662,1
19663,1
19664,1
19665,2
19666,1
19667,1
19669,2
19670,1
19671,1
19673,3
19674,2
19676,4
19677,1
19678,1
19680,1
19682,2
19683,2
19684,2
19685,1
19686,1
19687,2
19688,2
19690,3
19691,2
19692,1
19693,1
19694,1
19696,2
19697,1
19700,1
19702,1
19703,3
19704,1
19705,1
19706,4
19707,3
19708,2
19709,2
19711,3
19712,2
19713,2
19714,1
19715,1
19717,2
19718,1
19719,2
19724,3
19727,1
19729,1
19730,2
19731,1
19732,1
19733,1
19734,2
19735,1
19736,1
19737,2
19739,1
19740,1
19741,3
19742,1
19743,2
19744,1
19746,3
19747,1
19748,1
19749,1
19750,1
19751,3
19752,2
19753,1
19754,5
19756,1
19757,3
19759,2
19760,1
19761,1
19762,3
19763,2
19764,3
19765,2
19766,1
19767,2
19768,1
19769,2
19770,1
19771,4
19772,5
19773,2
19775,1
19776,1
19777,1
19779,1
19780,3
19784,3
19785,2
19786,1
19788,3
19789,1
19792,3
19794,1
19795,1
19798,1
19799,1
19800,2
19802,2
19803,1
19804,1
19805,2
19806,1
19807,1
19808,1
19809,1
19812,1
19813,1
19815,1
19816,2
19817,1
19818,2
19819,1
19821,1
19822,1
19823,1
19825,2
19826,1
19827,2
19828,2
19829,4
19830,3
19832,1
19833,1
19834,1
19837,1
19839,3
19840,1
19841,1
19842,4
19843,4
19845,3
19846,1
19847,1
19848,1
19850,1
19851,1
19852,2
19857,1
19859,2
19860,2
19861,3
19862,3
19863,1
19864,2
19866,2
19867,4
19868,1
19869,3
19872,2
19876,2
19877,1
19879,1
19880,2
19882,2
19883,1
19884,1
19885,2
19887,1
19888,2
19890,1
19891,1
19893,3
19894,1
19896,1
19897,1
19899,1
19900,1
19902,1
19906,1
19907,1
19908,3
19910,1
19911,2
19912,2
19913,2
19917,1
19918,4
19920,3
19921,1
19923,1
19924,3
19925,4
19926,2
19927,1
19929,3
19930,2
19934,1
19935,1
19936,1
19937,2
19938,1
19939,1
19940,2
19942,1
19943,2
19945,1
19947,2
19951,1
19952,1
19953,4
19954,1
19955,1
19960,1
19961,1
19962,1
19964,2
19965,1
19966,2
19967,1
19968,2
19970,1
19971,2
19973,1
19974,1
19975,2
19977,1
19978,1
19979,2
19981,2
19983,1
19984,2
19987,1
19989,3
19990,1
19991,1
19993,3
19994,3
19995,2
19996,3
19997,1
19998,1
19999,2
20000,1
20001,1
20002,1
20004,1
20006,2
20007,2
20008,2
20009,1
20010,2
20011,2
20012,1
20015,2
20016,1
20017,1
20018,1
20019,3
20020,2
20021,2
20022,2
20023,1
20024,2
20027,2
20028,2
20029,1
20030,2
20032,1
20033,1
20034,3
20035,1
20036,2
20037,1
20038,1
20039,1
20040,1
20042,1
20045,4
20046,3
20047,2
20048,1
20050,2
20052,2
20053,1
20054,2
20055,1
20057,3
20058,1
20059,1
20060,1
20061,1
20062,1
20064,1
20065,1
20066,3
20067,1
20068,1
20069,1
20071,3
20072,2
20073,1
20074,3
20075,1
20076,2
20077,2
20078,2
20079,1
20081,1
20082,1
20083,2
20084,2
20085,1
20088,3
20089,1
20090,1
20092,1
20094,1
20095,3
20096,2
20097,2
20099,3
20100,1
20103,2
20104,1
20105,1
20108,1
20110,2
20111,1
20112,2
20113,2
20114,2
20115,1
20117,3
20118,1
20119,2
20120,2
20122,1
20123,2
20124,1
20125,2
20126,2
20127,1
20128,1
20129,1
20132,1
20133,3
20134,2
20137,1
20138,1
20139,1
20142,3
20143,1
20146,1
20147,2
20148,2
20149,1
20151,1
20152,1
20153,4
20154,1
20156,1
20157,2
20158,1
20159,2
20164,1
20167,2
20168,3
20169,1
20170,4
20171,2
20173,2
20174,4
20175,3
20176,2
20179,4
20180,1
20181,2
20184,1
20185,1
20188,1
20189,1
20190,2
20192,1
20193,2
20194,2
20196,1
20197,1
20198,1
20199,3
20201,2
20202,1
20204,3
20206,1
20207,2
20210,2
20211,1
20212,1
20213,1
20214,2
20217,2
20220,2
20221,1
20222,2
20223,1
20225,2
20227,3
20231,1
20235,2
20236,1
20237,1
20238,1
20239,3
20240,1
20241,2
20242,1
20245,1
20246,3
20247,1
20251,2
20253,2
20254,1
20255,2
20256,3
20257,3
20258,1
20259,2
20260,1
20261,2
20262,1
20263,2
20264,1
20265,1
20266,1
20269,2
20271,2
20275,1
20276,2
20278,5
20279,1
20280,1
20282,1
20283,1
20284,2
20286,2
20288,1
20290,1
20291,1
20292,2
20294,3
20296,2
20298,1
20300,1
20301,1
20302,2
20303,2
20304,2
20305,1
20306,1
20307,1
20309,1
20310,1
20312,1
20316,1
20318,1
20319,1
20320,1
20322,1
20324,1
20326,1
20327,2
20328,1
20329,3
20330,2
20331,2
20333,2
20335,2
20336,2
20339,2
20341,1
20342,2
20345,1
20346,2
20348,1
20349,2
20350,3
20351,2
20352,2
20354,1
20356,1
20357,1
20361,1
20362,2
20363,1
20364,2
20366,1
20368,1
20369,2
20370,1
20373,1
20374,2
20376,1
20377,1
20378,2
20379,1
20380,1
20382,1
20384,1
20386,1
20387,2
20388,1
20389,2
20391,1
20393,1
20395,1
20398,1
20400,1
20402,1
20403,1
20404,1
20407,1
20408,4
20409,2
20410,3
20412,1
20413,1
20418,2
20419,2
20420,2
20421,1
20422,1
20423,1
20424,1
20426,1
20427,3
20428,1
20429,1
20432,1
20434,1
20435,1
20437,1
20439,1
20440,1
20442,1
20444,1
20446,2
20451,1
20452,1
20454,3
20455,1
20456,3
20457,2
20458,1
20460,1
20461,1
20464,2
20465,1
20466,1
20468,2
20471,1
20472,2
20474,1
20477,1
20480,1
20481,3
20482,1
20485,2
20486,2
20488,4
20489,1
20491,2
20492,1
20493,1
20494,1
20495,1
20497,1
20498,2
20501,1
20502,1
20503,1
20504,1
20509,1
20510,2
20513,2
20515,1
20517,1
20518,1
20519,1
20520,1
20524,1
20526,1
20529,1
20530,2
20531,1
20533,2
20536,2
20539,2
20540,3
20541,3
20542,1
20543,4
20544,2
20545,1
20547,2
20549,2
20552,2
20554,2
20557,1
20558,2
20559,1
20560,2
20561,2
20562,1
20563,2
20564,2
20566,2
20569,1
20570,2
20571,1
20572,1
20573,1
20574,1
20575,1
20576,2
20577,2
20578,1
20579,2
20580,3
20581,1
20583,2
20584,3
20585,1
20588,1
20589,2
20590,2
20591,1
20593,1
20594,1
20595,2
20597,2
20599,1
20602,2
20603,2
20605,1
20609,2
20611,1
20616,1
20620,2
20621,1
20622,1
20623,1
20624,1
20625,2
20627,1
20628,3
20629,2
20630,1
20632,1
20634,1
20635,1
20636,1
20638,2
20639,1
20641,2
20643,1
20646,1
20647,1
20650,1
20651,1
20652,1
20654,1
20655,1
20656,1
20657,1
20660,1
20661,1
20662,1
20663,2
20667,2
20668,1
20669,2
20671,2
20672,1
20674,1
20678,1
20680,1
20681,1
20683,2
20684,1
20685,2
20686,2
20689,1
20690,1
20692,1
20693,1
20698,2
20700,1
20703,1
20704,2
20706,2
20709,3
20712,1
20713,2
20714,2
20716,1
20717,1
20720,3
20721,3
20722,1
20726,1
20727,1
20730,1
20731,2
20732,1
20735,3
20736,1
20737,2
20738,1
20739,1
20741,1
20745,4
20746,3
20747,1
20748,1
20751,1
20753,1
20755,1
20757,5
20759,2
20760,1
20761,1
20763,2
20766,1
20767,3
20768,2
20769,1
20770,1
20771,4
20772,1
20773,1
20777,2
20778,2
20779,2
20781,3
20782,2
20784,2
20786,1
20787,3
20789,1
20793,1
20794,1
20797,1
20800,1
20801,1
20802,1
20803,1
20804,1
20805,2
20806,2
20807,1
20808,2
20809,2
20811,1
20812,1
20813,1
20815,1
20816,2
20817,2
20818,2
20820,1
20821,3
20822,2
20824,1
20826,1
20827,1
20829,1
20833,1
20834,2
20836,1
20837,2
20840,2
20841,1
20843,1
20846,2
20848,2
20851,1
20852,2
20853,1
20856,1
20857,1
20858,1
20859,1
20860,1
20862,2
20863,1
20864,1
20867,1
20869,1
20870,1
20871,1
20873,2
20874,2
20875,1
20876,2
20877,1
20878,1
20880,1
20882,1
20885,1
20889,2
20891,1
20894,2
20897,1
20898,1
20901,1
20903,1
20904,1
20905,1
20906,3
20907,1
20908,1
20909,2
20911,3
20912,1
20913,1
20915,1
20916,2
20917,1
20921,1
20925,1
20926,1
20927,1
20928,2
20930,2
20931,1
20935,1
20936,3
20944,2
20945,1
20946,2
20947,1
20948,2
20951,1
20956,1
20957,1
20960,1
20961,1
20962,2
20963,2
20965,1
20966,4
20967,1
20968,1
20969,1
20973,1
20975,1
20976,1
20979,1
20980,1
20981,1
20982,2
20985,2
20987,1
20988,1
20989,2
20994,1
20995,1
20999,2
21002,2
21003,2
21004,1
21009,1
21011,2
21014,2
21015,1
21016,2
21019,2
21020,2
21022,1
21023,1
21024,2
21025,2
21028,2
21029,2
21031,1
21033,1
21034,1
21035,2
21038,1
21041,2
21042,2
21043,2
21045,1
21046,1
21047,2
21048,1
21049,2
21051,1
21052,1
21053,1
21054,1
21055,1
21057,1
21058,1
21059,1
21060,1
21061,1
21062,1
21063,1
21064,2
21067,2
21068,2
21069,2
21072,1
21075,2
21076,1
21078,1
21079,1
21080,1
21082,1
21084,2
21085,2
21086,1
21091,1
21094,3
21095,1
21096,1
21098,1
21099,1
21101,1
21103,2
21107,1
21108,1
21110,2
21112,1
21115,1
21116,2
21117,1
21118,1
21120,1
21122,1
21123,1
21124,2
21126,1
21128,2
21132,2
21133,2
21134,2
21136,2
21137,1
21139,2
21140,1
21141,4
21143,1
21145,4
21147,1
21148,1
21150,2
21153,1
21154,2
21155,2
21156,1
21161,1
21162,1
21164,1
21171,1
21172,2
21175,1
21177,1
21179,3
21183,1
21185,2
21188,2
21189,1
21194,4
21195,1
21196,3
21197,1
21198,1
21199,2
21200,1
21203,2
21205,1
21206,1
21209,3
21210,1
21214,1
21215,2
21217,2
21219,1
21220,1
21221,1
21222,2
21223,1
21224,3
21226,2
21232,1
21233,1
21236,2
21239,1
21240,1
21241,1
21242,1
21244,1
21245,1
21247,3
21249,1
21251,1
21252,1
21253,1
21254,1
21255,1
21257,1
21262,1
21263,1
21264,1
21265,1
21266,3
21267,1
21268,1
21269,1
21270,1
21271,2
21272,2
21273,3
21276,1
21277,2
21279,3
21280,2
21281,1
21282,2
21283,2
21286,2
21291,2
21293,1
21295,1
21298,1
21299,1
21302,1
21304,1
21306,1
21307,2
21309,1
21310,3
21311,1
21313,1
21314,1
21315,2
21316,2
21317,1
21319,1
21321,1
21324,1
21325,1
21326,1
21327,2
21328,1
21330,1
21331,2
21333,2
21334,1
21338,3
21340,2
21343,1
21345,1
21346,2
21347,1
21348,1
21349,2
21350,1
21351,3
21352,2
21353,1
21356,3
21357,1
21359,1
21360,1
21361,1
21362,2
21363,1
21364,1
21365,1
21366,3
21367,2
21368,2
21369,2
21371,4
21373,1
21374,2
21375,3
21376,1
21377,1
21380,3
21381,1
21382,1
21384,3
21386,1
21387,3
21389,1
21391,1
21394,1
21397,1
21398,2
21400,2
21401,1
21402,2
21403,1
21404,2
21406,2
21407,1
21411,1
21412,1
21415,3
21416,2
21418,1
21419,2
21421,1
21422,5
21425,1
21426,1
21427,1
21429,2
21430,1
21431,2
21432,1
21433,2
21436,2
21438,2
21439,2
21440,1
21441,2
21442,2
21444,1
21445,2
21447,1
21451,1
21453,2
21454,4
21456,1
21458,2
21459,1
21462,1
21464,1
21467,2
21468,2
21470,1
21472,1
21474,1
21475,2
21476,1
21477,1
21480,2
21481,1
21482,1
21483,2
21484,1
21485,2
21486,2
21489,2
21492,1
21493,1
21494,1
21495,1
21496,1
21497,1
21500,1
21501,1
21502,3
21503,1
21506,1
21507,1
21508,2
21509,1
21513,2
21515,1
21522,1
21524,2
21526,1
21527,1
21530,4
21534,1
21535,2
21537,1
21538,1
21539,2
21541,1
21542,3
21546,1
21554,2
21555,1
21556,1
21557,1
21558,1
21559,1
21562,2
21564,1
21565,1
21569,1
21573,1
21574,1
21575,1
21576,1
21577,1
21580,1
21581,1
21583,1
21585,1
21588,2
21590,1
21593,1
21596,1
21597,2
21599,1
21600,1
21601,1
21602,1
21603,1
21604,1
21605,2
21607,1
21609,1
21611,1
21613,1
21614,1
21615,2
21618,1
21622,1
21624,1
21626,2
21629,2
21632,1
21634,1
21636,1
21637,1
21638,2
21640,3
21642,1
21645,1
21646,2
21648,1
21649,1
21650,1
21654,2
21661,1
21664,2
21665,1
21667,1
21668,1
21669,2
21670,2
21671,2
21672,1
21674,1
21678,1
21679,1
21680,1
21681,1
21686,3
21687,1
21689,1
21690,1
21691,2
21692,1
21695,1
21696,1
21698,1
21699,2
21700,1
21701,1
21704,2
21705,2
21706,2
21707,1
21711,2
21712,1
21716,1
21717,2
21721,2
21722,1
21724,1
21725,1
21727,1
21728,1
21730,1
21732,1
21733,1
21734,1
21735,1
21736,1
21738,1
21739,1
21740,1
21741,2
21742,3
21743,1
21747,1
21748,1
21751,1
21753,1
21756,1
21757,1
21760,1
21761,1
21764,1
21765,1
21767,1
21769,2
21774,1
21776,2
21777,2
21778,1
21779,1
21780,1
21783,2
21784,2
21785,1
21792,1
21796,1
21798,1
21799,2
21800,1
21801,2
21802,2
21804,1
21805,1
21810,1
21813,1
21816,1
21818,4
21819,1
21820,1
21821,2
21822,1
21824,1
21825,3
21827,2
21828,1
21830,1
21833,2
21834,1
21837,1
21838,2
21839,2
21842,1
21843,1
21847,1
21851,2
21857,2
21858,1
21859,3
21860,1
21861,2
21862,1
21866,1
21867,1
21869,1
21872,1
21881,1
21883,4
21884,1
21885,1
21888,2
21889,3
21892,1
21894,3
21903,3
21904,1
21905,2
21907,1
21910,1
21911,1
21912,1
21916,1
21920,1
21921,2
21922,2
21924,1
21925,1
21926,1
21927,3
21930,1
21934,2
21939,1
21940,1
21946,1
21947,1
21950,1
21954,1
21956,1
21961,1
21962,2
21964,1
21967,1
21968,1
21969,1
21971,1
21979,1
21980,1
21981,1
21982,1
21985,1
21986,2
21987,2
21990,1
21991,1
21992,1
21996,1
21998,1
22001,1
22003,2
22006,1
22012,2
22013,1
22015,1
22018,1
22022,2
22023,1
22024,1
22026,2
22027,2
22028,1
22029,1
22030,1
22031,1
22033,1
22034,1
22035,3
22036,2
22037,1
22038,1
22039,1
22040,1
22041,2
22043,1
22045,2
22046,2
22047,2
22048,1
22049,1
22050,2
22056,1
22057,1
22060,1
22061,2
22067,1
22072,1
22074,2
22075,2
22076,1
22078,1
22085,1
22086,2
22087,2
22088,2
22090,1
22091,1
22092,1
22093,1
22098,1
22100,1
22101,1
22102,1
22103,1
22108,1
22111,2
22113,1
22115,1
22116,2
22117,3
22118,1
22119,1
22120,1
22121,1
22122,1
22124,2
22125,1
22126,1
22129,1
22130,2
22132,1
22133,2
22138,3
22140,1
22141,2
22143,1
22144,1
22145,2
22146,1
22149,1
22150,1
22151,2
22153,1
22154,1
22158,1
22159,1
22162,1
22163,1
22164,2
22166,2
22168,2
22169,1
22170,3
22174,2
22176,2
22177,3
22182,2
22183,1
22188,1
22194,1
22195,1
22197,5
22198,1
22199,1
22201,1
22203,2
22205,2
22207,2
22213,2
22214,3
22215,1
22216,1
22219,1
22220,1
22222,1
22223,1
22224,1
22226,1
22227,2
22228,1
22231,1
22232,1
22233,1
22234,2
22235,2
22236,1
22238,2
22241,1
22243,1
22247,2
22248,2
22249,2
22250,2
22251,3
22257,1
22258,2
22260,1
22261,2
22264,1
22265,1
22266,1
22270,1
22272,1
22273,1
22276,1
22278,2
22279,1
22280,3
22282,1
22283,2
22284,1
22285,2
22289,1
22290,2
22293,1
22295,1
22296,1
22297,1
22298,1
22299,3
22301,2
22302,1
22304,1
22305,1
22306,2
22309,1
22311,2
22313,3
22315,1
22317,1
22320,2
22323,1
22324,2
22325,2
22326,1
22328,2
22329,1
22334,2
22336,1
22337,1
22338,1
22340,2
22341,1
22342,2
22343,1
22345,1
22346,2
22349,2
22351,1
22355,1
22357,1
22358,2
22362,1
22363,4
22364,2
22366,1
22367,1
22370,1
22374,1
22376,1
22377,1
22378,1
22379,1
22381,2
22382,1
22383,2
22387,2
22388,1
22389,1
22390,2
22394,2
22395,1
22398,1
22399,1
22402,2
22403,1
22405,2
22410,1
22421,1
22422,1
22423,1
22425,1
22426,2
22427,1
22429,1
22433,1
22434,1
22436,1
22437,1
22438,2
22439,1
22441,1
22442,2
22444,3
22445,1
22446,3
22447,1
22449,3
22450,2
22452,1
22454,2
22456,1
22457,1
22460,1
22461,1
22464,1
22470,1
22472,3
22474,1
22476,1
22477,1
22478,1
22479,1
22480,1
22481,1
22482,1
22483,1
22484,1
22487,1
22489,1
22491,2
22494,1
22495,1
22497,3
22498,2
22502,2
22503,1
22504,1
22505,3
22506,1
22508,1
22509,1
22510,1
22511,2
22513,2
22514,1
22515,1
22519,2
22521,1
22522,1
22523,2
22528,1
22529,1
22530,3
22532,2
22533,3
22534,1
22537,1
22539,1
22542,1
22543,1
22545,2
22547,2
22552,3
22554,2
22555,2
22562,1
22564,1
22566,1
22573,1
22575,1
22576,2
22577,2
22578,1
22579,1
22580,2
22581,1
22582,1
22583,3
22584,1
22586,1
22587,2
22588,2
22589,1
22590,2
22591,1
22596,2
22598,1
22601,1
22602,3
22603,2
22604,1
22606,1
22609,3
22617,1
22620,2
22621,1
22623,1
22626,1
22628,1
22630,1
22631,1
22638,1
22639,1
22644,2
22645,2
22649,1
22650,2
22652,2
22653,1
22654,1
22656,1
22657,1
22660,2
22661,1
22662,2
22663,1
22664,1
22665,3
22668,1
22669,1
22670,1
22671,4
22672,2
22673,1
22677,2
22679,2
22681,1
22682,1
22683,2
22684,1
22687,1
22689,1
22690,2
22691,1
22692,1
22693,4
22696,2
22698,2
22702,1
22705,2
22706,1
22707,3
22708,1
22709,1
22710,1
22713,2
22714,1
22715,1
22716,1
22719,1
22721,1
22722,1
22723,2
22726,1
22728,1
22729,1
22730,1
22734,1
22736,3
22737,3
22738,1
22739,1
22740,1
22743,2
22744,1
22745,1
22747,1
22748,1
22749,2
22751,1
22753,2
22756,1
22757,2
22760,2
22761,1
22762,1
22765,1
22767,1
22768,1
22769,1
22771,1
22773,1
22774,1
22778,1
22779,1
22780,1
22788,1
22790,2
22793,1
22795,1
22796,1
22802,1
22805,1
22806,2
22811,2
22817,1
22819,1
22821,1
22823,1
22824,3
22829,2
22830,1
22832,2
22833,1
22834,1
22835,1
22839,1
22840,1
22841,2
22842,1
22844,1
22845,1
22846,1
22847,1
22851,1
22855,2
22856,2
22860,1
22861,1
22862,1
22863,2
22864,1
22865,2
22868,2
22871,1
22872,2
22873,1
22874,1
22876,2
22879,1
22880,1
22882,1
22886,1
22888,1
22890,1
22891,1
22892,1
22895,3
22906,1
22910,2
22911,2
22912,1
22917,1
22919,1
22921,2
22923,1
22924,1
22929,1
22930,1
22931,1
22938,1
22940,2
22941,1
22944,3
22945,1
22947,1
22955,1
22956,1
22957,1
22958,1
22959,2
22961,1
22964,1
22968,1
22969,1
22973,2
22976,1
22981,1
22983,1
22985,1
22987,1
22989,2
22992,1
22995,2
22998,2
23000,1
23014,1
23017,3
23018,3
23020,2
23023,2
23024,1
23026,1
23028,2
23029,1
23031,1
23032,1
23035,1
23039,1
23042,1
23043,1
23044,1
23048,2
23049,1
23052,1
23053,2
23054,1
23055,2
23057,1
23058,2
23060,2
23061,1
23063,1
23064,1
23067,1
23072,1
23076,1
23077,2
23078,2
23080,1
23082,2
23087,2
23088,1
23089,1
23090,1
23091,1
23092,2
23093,1
23098,1
23100,1
23102,1
23103,1
23107,1
23112,1
23117,1
23121,1
23125,1
23127,1
23129,2
23130,1
23131,1
23136,1
23159,1
23162,1
23163,1
23165,1
23166,1
23170,1
23177,1
23178,1
23179,1
23182,1
23184,1
23192,1
23194,1
23195,1
23197,1
23198,1
23203,1
23206,1
23208,1
23218,1
23219,1
23224,1
23225,1
23230,1
23232,1
23235,2
23238,1
23241,1
23247,1
23249,1
23253,1
23260,1
23262,1
23264,1
23279,1
23283,1
23286,1
23290,1
23294,1
23296,2
23297,1
23300,1
23306,1
23308,1
23318,1
23324,2
23325,1
23327,1
23328,2
23331,1
23333,1
23335,1
23337,1
23345,1
23349,1
23350,1
23352,1
23353,1
23359,1
23362,1
23365,1
23366,2
23370,2
23374,2
23376,1
23378,1
23382,1
23383,1
23386,1
23390,1
23391,1
23403,1
23406,1
23409,2
23411,2
23412,1
23415,2
23416,1
23418,1
23420,2
23426,1
23433,1
23434,1
23437,1
23445,1
23448,1
23452,1
23456,2
23458,1
23459,1
23464,1
23467,1
23468,1
23473,1
23484,1
23485,1
23489,1
23491,2
23492,1
23504,1
23506,2
23508,1
23511,1
23513,1
23517,1
23529,1
23530,1
23532,1
23535,2
23538,1
23542,2
23543,1
23546,1
23547,1
23548,2
23550,1
23556,1
23558,1
23560,1
23562,1
23566,2
23567,1
23572,1
23574,1
23576,1
23582,1
23583,1
23591,1
23594,1
23599,1
23609,1
23614,1
23621,1
23623,1
23625,1
23631,1
23633,1
23635,1
23636,2
23647,1
23655,1
23656,1
23662,2
23663,1
23669,1
23670,1
23675,2
23676,1
23681,1
23687,1
23694,2
23699,1
23703,1
23704,1
23706,1
23710,1
23711,1
23714,1
23718,1
23721,1
23723,1
23728,1
23737,1
23740,1
23744,2
23748,1
23752,2
23756,1
23757,1
23759,1
23761,2
23764,1
23770,2
23776,1
23777,1
23779,1
23788,1
23790,2
23792,1
23805,1
23811,1
23816,1
23819,1
23824,1
23825,1
23829,1
23834,1
23835,2
23836,1
23839,1
23844,3
23851,1
23855,2
23860,2
23862,1
23865,2
23867,1
23872,2
23877,1
23882,2
23884,3
23888,1
23890,1
23893,1
23897,1
23901,1
23907,1
23908,1
23909,2
23913,1
23920,1
23921,1
23922,1
23923,1
23924,1
23930,1
23931,1
23932,2
23939,1
23943,1
23945,1
23948,2
23951,1
23953,1
23960,2
23963,1
23964,2
23965,1
23966,1
23971,1
23972,1
23975,1
23976,1
23979,1
23982,1
23984,1
23987,1
23999,1
24000,1
24004,1
24006,1
24012,1
24013,1
24017,1
24027,1
24028,1
24030,2
24033,1
24034,1
24035,1
24037,1
24038,1
24045,1
24046,1
24049,1
24052,1
24053,1
24056,1
24058,1
24061,1
24065,1
24066,1
24067,2
24071,2
24072,1
24077,1
24078,1
24081,1
24085,1
24092,1
24096,1
24098,1
24099,1
24101,1
24103,1
24104,1
24107,1
24115,1
24118,1
24121,1
24126,1
24133,1
24135,1
24136,1
24139,1
24143,1
24144,1
24145,1
24147,1
24149,1
24153,1
24158,1
24159,3
24160,1
24161,1
24163,1
24166,1
24168,1
24172,1
24175,1
24176,1
24178,1
24179,1
24187,1
24192,1
24194,1
24201,1
24205,1
24209,1
24212,1
24215,1
24216,1
24217,1
24220,1
24223,1
24226,1
24230,1
24232,1
24233,1
24235,1
24238,1
24240,1
24242,1
24244,1
24245,2
24246,1
24247,1
24248,1
24249,1
24255,1
24259,1
24260,1
24263,1
24272,1
24274,1
24275,1
24276,1
24278,1
24279,2
24289,2
24290,1
24292,1
24294,1
24297,1
24298,1
24302,1
24308,2
24313,1
24314,1
24317,2
24318,1
24319,2
24320,2
24323,2
24327,1
24330,2
24331,1
24333,2
24339,1
24340,1
24341,2
24342,3
24343,1
24345,1
24348,2
24350,1
24354,1
24355,1
24356,1
24357,1
24359,1
24360,1
24361,2
24365,1
24366,1
24367,1
24368,1
24371,1
24372,1
24375,1
24378,1
24380,1
24388,2
24389,1
24390,1
24392,1
24393,1
24395,1
24396,1
24400,1
24401,1
24402,1
24404,2
24406,1
24408,1
24412,1
24413,1
24415,1
24416,2
24417,1
24420,1
24422,1
24425,2
24427,1
24432,1
24434,1
24437,2
24438,1
24440,2
24443,1
24444,1
24445,1
24446,1
24447,1
24452,1
24453,2
24454,1
24455,1
24458,1
24459,1
24461,2
24476,2
24477,1
24479,1
24481,1
24482,1
24483,2
24484,2
24485,1
24486,1
24487,1
24489,2
24490,3
24491,2
24493,1
24495,1
24498,1
24499,1
24503,1
24510,1
24511,1
24513,1
24514,1
24516,2
24517,3
24518,1
24524,1
24525,1
24526,1
24527,2
24528,2
24533,1
24538,1
24540,2
24543,1
24552,1
24553,1
24557,1
24565,1
24571,1
24572,1
24573,1
24575,1
24577,1
24578,1
24579,1
24580,1
24581,1
24585,2
24586,2
24587,1
24591,2
24598,2
24599,1
24601,1
24603,2
24605,1
24614,1
24615,1
24617,1
24618,3
24620,1
24623,1
24625,1
24632,2
24635,1
24637,1
24639,1
24640,1
24641,1
24643,1
24646,1
24647,1
24648,1
24652,1
24653,1
24655,1
24656,2
24657,1
24664,1
24665,1
24667,1
24668,1
24669,2
24672,2
24674,1
24677,1
24681,1
24682,1
24684,2
24686,2
24687,1
24688,1
24689,2
24690,1
24692,2
24694,1
24696,1
24697,1
24699,2
24700,2
24708,1
24720,1
24727,1
24728,1
24729,1
24733,2
24737,1
24738,1
24739,1
24744,2
24745,1
24754,2
24757,1
24758,1
24759,1
24761,1
24763,4
24765,1
24766,1
24769,1
24770,2
24771,2
24773,1
24779,1
24781,2
24785,1
24787,1
24791,1
24792,1
24793,1
24794,1
24795,1
24797,1
24798,3
24800,1
24803,2
24804,1
24806,2
24813,1
24814,1
24817,1
24824,1
24826,1
24827,1
24829,2
24834,1
24835,1
24836,1
24837,1
24840,1
24841,1
24842,2
24843,2
24844,1
24848,1
24852,1
24855,1
24861,1
24862,1
24864,1
24868,1
24870,1
24872,1
24874,3
24875,2
24879,1
24881,1
24886,2
24892,1
24911,1
24917,1
24920,1
24921,1
24923,1
24924,1
24925,1
24926,1
24928,1
24930,1
24933,1
24936,1
24938,2
24953,1
24954,1
24956,2
24959,1
24960,1
24961,1
24963,1
24969,1
24972,1
24974,1
24975,1
24977,2
24979,1
24982,1
24983,1
24993,2
24994,1
24995,1
25000,1
25002,1
25005,1
25006,1
25007,1
25010,1
25013,1
25022,1
25026,1
25027,1
25037,1
25045,1
25047,1
25052,1
25053,1
25056,1
25060,1
25063,1
25071,1
25072,1
25073,1
25077,1
25078,1
25079,1
25081,1
25082,1
25083,1
25084,1
25090,1
25096,1
25097,1
25101,1
25105,2
25108,1
25109,1
25118,1
25119,1
25124,1
25125,1
25127,1
25130,1
25132,1
25134,1
25135,1
25136,2
25150,1
25156,1
25157,1
25159,2
25164,1
25167,1
25171,1
25174,1
25179,1
25187,2
25189,2
25194,1
25199,1
25200,1
25201,1
25213,1
25214,1
25216,1
25219,1
25220,1
25222,1
25223,2
25233,1
25235,1
25238,1
25240,1
25242,1
25244,1
25245,1
25246,1
25252,1
25253,1
25256,1
25259,1
25261,1
25268,2
25272,1
25276,1
25299,1
25301,1
25306,1
25307,1
25310,1
25317,1
25318,1
25322,1
25324,1
25326,1
25333,1
25335,1
25336,1
25338,1
25340,1
25349,1
25350,1
25351,1
25353,1
25369,1
25370,1
25380,1
25381,1
25385,1
25405,1
25412,1
25414,2
25428,1
25431,1
25432,1
25436,1
25439,1
25440,1
25444,2
25449,1
25462,1
25464,1
25466,1
25467,1
25474,2
25481,1
25483,1
25489,1
25492,1
25497,2
25505,1
25506,1
25507,1
25515,1
25518,1
25538,1
25539,1
25540,1
25541,1
25542,1
25559,1
25562,1
25564,1
25568,1
25570,1
25577,1
25582,1
25603,1
25607,1
25608,1
25609,1
25613,1
25615,1
25620,1
25632,1
25665,1
25666,1
25669,1
25679,1
25681,1
25687,1
25700,1
25702,2
25706,1
25722,1
25727,1
25738,1
25739,1
25745,1
25746,1
25747,1
25761,1
25766,2
25770,1
25775,2
25782,1
25785,1
25786,1
25787,1
25790,1
25791,1
25800,1
25805,1
25812,1
25820,1
25828,1
25849,1
25852,1
25863,1
25868,1
25876,2
25877,1
25884,1
25891,1
25895,1
25896,1
25897,1
25898,1
25899,1
25905,1
25922,1
25923,1
25931,1
25933,1
25934,1
25940,1
25942,1
25945,1
25966,1
25968,1
25973,1
25980,1
25981,1
25983,1
25986,1
26001,1
26006,1
26016,1
26018,1
26032,1
26034,1
26035,1
26036,1
26047,1
26050,1
26056,2
26061,1
26063,1
26072,1
26077,1
26078,1
26080,1
26087,1
26088,1
26090,1
26101,1
26110,1
26122,1
26123,1
26125,1
26128,1
26137,1
26138,1
26139,1
26145,1
26163,1
26169,2
26170,2
26184,1
26193,1
26197,1
26205,1
26222,1
26225,1
26228,1
26232,1
26234,1
26249,2
26254,1
26263,1
26264,1
26269,1
26286,1
26289,1
26293,1
26297,1
26299,1
26304,1
26305,1
26306,1
26309,1
26315,1
26324,1
26329,1
26336,1
26341,1
26343,2
26352,1
26353,1
26358,1
26369,1
26375,2
26381,1
26383,1
26385,1
26388,1
26389,1
26399,2
26405,1
26410,1
26411,1
26413,1
26416,1
26421,1
26426,1
26431,1
26442,1
26444,1
26450,1
26457,1
26458,1
26462,1
26480,1
26486,1
26487,1
26505,2
26514,1
26529,1
26534,1
26539,1
26548,2
26553,1
26558,1
26564,1
26566,1
26571,1
26574,2
26576,1
26578,2
26580,1
26582,1
26590,1
26591,1
26595,1
26600,2
26621,1
26630,1
26645,1
26646,1
26648,2
26649,2
26654,2
26655,1
26667,1
26668,1
26673,1
26675,1
26677,1
26678,1
26679,1
26684,1
26687,1
26696,1
26700,2
26713,1
26714,1
26719,1
26723,1
26729,1
26735,1
26738,1
26739,1
26743,1
26744,1
26750,1
26753,1
26754,1
26756,1
26761,1
26762,1
26764,1
26769,1
26777,1
26800,1
26805,1
26820,1
26828,1
26836,1
26846,1
26847,1
26860,1
26869,1
26870,1
26872,1
26874,1
26875,1
26880,1
26885,1
26886,1
26890,1
26892,1
26904,2
26906,1
26907,1
26909,1
26917,1
26919,2
26920,2
26928,1
26931,1
26935,1
26939,1
26940,1
26942,1
26948,1
26950,1
26956,1
26958,1
26960,1
26961,1
26967,1
26969,1
26985,1
26986,1
26995,1
27001,1
27002,1
27004,1
27005,2
27009,1
27011,1
27014,1
27020,1
27021,1
27025,1
27035,1
27039,1
27040,1
27051,1
27053,1
27055,1
27068,1
27076,1
27078,2
27088,1
27098,1
27100,1
27107,2
27121,1
27126,1
27143,1
27150,1
27152,1
27154,1
27157,1
27165,1
27168,1
27169,1
27171,1
27174,1
27191,1
27198,1
27208,1
27212,1
27223,1
27232,1
27238,1
27240,1
27243,1
27244,1
27246,1
27250,1
27258,1
27259,1
27261,1
27267,1
27269,1
27273,1
27275,1
27277,1
27283,1
27285,1
27290,1
27306,1
27307,1
27308,1
27310,1
27316,1
27319,1
27326,1
27336,1
27355,1
27360,2
27365,1
27373,1
27391,1
27393,1
27401,1
27417,1
27420,1
27440,1
27446,1
27450,1
27451,1
27461,1
27464,1
27475,1
27492,1
27503,1
27505,1
27510,1
27521,1
27522,1
27525,1
27528,1
27531,1
27534,1
27535,1
27543,1
27545,1
27551,1
27552,1
27558,1
27572,1
27580,2
27583,1
27584,1
27599,1
27602,1
27612,1
27621,1
27623,1
27626,1
27627,1
27654,1
27669,1
27672,1
27680,2
27683,1
27688,1
27689,1
27692,1
27703,1
27705,1
27715,1
27731,1
27741,1
27750,1
27761,1
27777,1
27788,1
27792,1
27794,2
27809,2
27811,1
27812,1
27813,1
27816,1
27837,1
27848,1
27854,1
27876,1
27890,1
27901,1
27905,1
27908,1
27909,1
27916,1
27919,1
27924,1
27927,1
27931,1
27937,1
27953,1
27955,1
27961,1
27965,1
27989,1
27993,1
28035,1
28047,1
28057,1
28065,1
28066,2
28074,1
28100,1
28105,1
28108,1
28118,1
28120,1
28123,1
28127,1
28135,1
28148,1
28157,1
28171,1
28172,2
28183,1
28207,1
28215,1
28219,1
28226,1
28231,1
28241,1
28248,1
28252,1
28253,1
28257,1
28296,1
28311,1
28344,1
28347,1
28349,2
28363,1
28366,1
28374,1
28379,1
28392,1
28410,1
28416,1
28473,1
28481,1
28509,1
28512,1
28521,1
28545,1
28556,1
28561,1
28576,1
28586,1
28590,1
28592,1
28595,1
28616,1
28623,1
28626,1
28644,1
28645,1
28646,1
28654,1
28664,2
28688,1
28694,1
28726,1
28732,1
28745,1
28748,1
28749,1
28753,1
28781,1
28784,2
28786,1
28795,1
28804,1
28822,1
28827,1
28829,1
28838,1
28857,1
28867,2
28873,1
